1769000166361 0.05969983961926225 0
1769000183385 0.04527994676986161 1
1769000200354 0.046613702638184325 2
1769000217510 0.0344994442537427 3
1769000234456 0.03187875086167718 4
1769000251456 0.031436283628949346 5
1769000268423 0.0347202668651281 6
1769000285529 0.030777897588525185 7
1769000302452 0.03176145238308784 8
1769000319101 0.02392746639191447 9
1769000335972 0.025030437985654262 10
1769000352751 0.027452699658597875 11
1769000369674 0.024136995246140835 12
1769000386530 0.02574263846173006 13
1769000166361 0.05969983961926225 0
