1768999567173 0.40364188163884673 0
1768999583767 0.7120637329286799 1
1768999600747 0.813732928679818 2
1768999617523 0.8539453717754173 3
1768999634284 0.8846737481031867 4
1768999650946 0.8994688922610015 5
1768999667919 0.9283004552352049 6
1768999684633 0.9229893778452201 7
1768999701146 0.9434749620637329 8
1768999718041 0.9404400606980273 9
1768999734689 0.9434749620637329 10
1768999751268 0.9506828528072838 11
1768999767832 0.9613050075872535 12
1768999784529 0.9635811836115327 13
1768999801088 0.9533383915022762 14
1768999817631 0.966236722306525 15
1768999833995 0.9715477996965098 16
1768999850526 0.9730652503793626 17
1768999866958 0.9749620637329287 18
1768999883674 0.9719271623672231 19
1768999900255 0.9742033383915023 20
1768999916795 0.9817905918057663 21
1768999933157 0.9745827010622155 22
1768999949914 0.9745827010622155 23
1768999966554 0.9802731411229135 24
1768999983186 0.9768588770864947 25
1768999999779 0.9768588770864947 26
1769000016404 0.9821699544764795 27
1769000032931 0.9802731411229135 28
1769000049365 0.9787556904400607 29
1769000065871 0.9783763277693475 30
1769000082431 0.9889984825493171 31
1769000098779 0.9836874051593323 32
1769000115255 0.9855842185128983 33
1769000131665 0.9893778452200304 34
1769000148329 0.9814112291350531 35
1768999567173 0.40364188163884673 0
1768999567173 0.40364188163884673 0
1768999567173 0.40364188163884673 0
