1768999567173 1.6515454772007034 0
1768999583767 0.8789596722786686 1
1768999600747 0.5505451477435698 2
1768999617523 0.4389389038804066 3
1768999634284 0.3560550395085151 4
1768999650946 0.30520141537649087 5
1768999667919 0.24209162790373148 6
1768999684633 0.2397497740675168 7
1768999701146 0.1902837166674884 8
1768999718041 0.18912406956934066 9
1768999734689 0.17069971931716763 10
1768999751268 0.1554526445646602 11
1768999767832 0.12797660991010895 12
1768999784529 0.1201442591172744 13
1768999801088 0.13678371548899507 14
1768999817631 0.11662159348467746 15
1768999833995 0.09254650847919016 16
1768999850526 0.0841086968914213 17
1768999866958 0.07574488189497805 18
1768999883674 0.0870463963687779 19
1768999900255 0.08551270764668932 20
1768999916795 0.060507156602836336 21
1768999933157 0.08084497387038476 22
1768999949914 0.08378994974857533 23
1768999966554 0.057766210136329196 24
1768999983186 0.0650486761075725 25
1768999999779 0.06868426816212575 26
1769000016404 0.06174744652157806 27
1769000032931 0.06106292816574674 28
1769000049365 0.06291361899025379 29
1769000065871 0.06655042383718832 30
1769000082431 0.03946659322940262 31
1769000098779 0.0530648580051016 32
1769000115255 0.048230376069333 33
1769000131665 0.041698638900991035 34
1769000148329 0.047448642444600495 35
1768999567173 1.6515454772007034 0
1768999567173 1.6515454772007034 0
1768999567173 1.6515454772007034 0
