1769000166361 0.9826183431952663 0
1769000183385 0.9844674556213018 1
1769000200354 0.9855769230769231 2
1769000217510 0.9896449704142012 3
1769000234456 0.9922337278106509 4
1769000251456 0.9900147928994083 5
1769000268423 0.988905325443787 6
1769000285529 0.9933431952662722 7
1769000302452 0.9907544378698225 8
1769000319101 0.9937130177514792 9
1769000335972 0.9922337278106509 10
1769000352751 0.9918639053254438 11
1769000369674 0.9929733727810651 12
1769000386530 0.9918639053254438 13
1769000166361 0.9826183431952663 0
