1769109547426 1.7632191430690676 0
1769109550262 1.1389842643294223 1
1769109553042 0.6888716595117436 2
1769109555840 0.4846783502157344 3
1769109558425 0.3933604380419088 4
1769109561169 0.3123368229283843 5
1769109563784 0.2644455124472463 6
1769109566394 0.21579801880343016 7
1769109569009 0.19858936532292254 8
1769109571683 0.18045085841833158 9
1769109574234 0.15388738762500676 10
1769109576913 0.1369596218127151 11
1769109579570 0.1259274438110202 12
1769109582265 0.12584192825611248 13
1769109584970 0.12286833916292635 14
