1769109547426 0.3532448377581121 0
1769109550262 0.6578171091445427 1
1769109553042 0.7831858407079646 2
1769109555840 0.8462389380530974 3
1769109558425 0.8727876106194691 4
1769109561169 0.8982300884955752 5
1769109563784 0.9070796460176991 6
1769109566394 0.9343657817109144 7
1769109569009 0.9373156342182891 8
1769109571683 0.9417404129793511 9
1769109574234 0.952433628318584 10
1769109576913 0.9557522123893806 11
1769109579570 0.9642330383480826 12
1769109582265 0.9605457227138643 13
1769109584970 0.9594395280235988 14
