1769109444972 1.7371554516610646 0
1769109447903 1.1266089961642312 1
1769109450677 0.6829832295576731 2
1769109453303 0.4988450925974619 3
1769109455925 0.35210806947378887 4
1769109458609 0.33619588897341773 5
1769109461354 0.2799207667509715 6
1769109464037 0.24936933336513384 7
1769109466641 0.23231106428872972 8
1769109469248 0.1985998208678904 9
1769109471839 0.16270037421158381 10
1769109474490 0.17530480071547486 11
1769109477269 0.19425685473141216 12
1769109480076 0.14803846606186458 13
1769109482727 0.11701891633371513 14
1769109485342 0.1311412633707126 15
1769109488077 0.10719437214235465 16
1769109490546 0.0789005681428881 17
1769109493084 0.08323833776549214 18
1769109495760 0.08147985505915824 19
1769109498462 0.08491306286305189 20
1769109500971 0.08163562660948151 21
1769109503559 0.101606772569496 22
1769109506000 0.10521579338681131 23
1769109508725 0.08583945727774075 24
