1769109444972 0.3486692015209126 0
1769109447903 0.6577946768060836 1
1769109450677 0.7961977186311787 2
1769109453303 0.8437262357414449 3
1769109455925 0.8942965779467681 4
1769109458609 0.8958174904942966 5
1769109461354 0.9102661596958175 6
1769109464037 0.9201520912547528 7
1769109466641 0.9307984790874525 8
1769109469248 0.9433460076045628 9
1769109471839 0.9467680608365019 10
1769109474490 0.9479087452471483 11
1769109477269 0.9380228136882129 12
1769109480076 0.9501901140684411 13
1769109482727 0.961596958174905 14
1769109485342 0.9600760456273765 15
1769109488077 0.9684410646387833 16
1769109490546 0.9756653992395438 17
1769109493084 0.9745247148288974 18
1769109495760 0.9775665399239544 19
1769109498462 0.973384030418251 20
1769109500971 0.9714828897338403 21
1769109503559 0.9703422053231939 22
1769109506000 0.970722433460076 23
1769109508725 0.9692015209125475 24
