1769109622220 0.9609144542772862 0
1769109624955 0.9686578171091446 1
1769109627630 0.9705014749262537 2
1769109630224 0.9708702064896755 3
1769109632860 0.971976401179941 4
1769109635549 0.9756637168141593 5
1769109638197 0.9708702064896755 6
1769109640801 0.974188790560472 7
1769109643389 0.976401179941003 8
1769109646081 0.9730825958702065 9
1769109648618 0.9793510324483776 10
1769109650752 0.9749262536873157 11
1769109652899 0.9830383480825958 12
1769109689590 0.9642330383480826 0
1769109691256 0.9660766961651918 1
1769109692859 0.9708702064896755 2
1769109694364 0.9712389380530974 3
1769109695869 0.9727138643067846 4
1769109697397 0.9686578171091446 5
1769109698947 0.9734513274336283 6
1769109700405 0.9727138643067846 7
1769109701957 0.9778761061946902 8
1769109703492 0.9752949852507374 9
1769109705110 0.9745575221238938 10
1769109706740 0.9808259587020649 11
