1769109622220 0.14107481849401496 0
1769109624955 0.10795435391713021 1
1769109627630 0.09939631009690983 2
1769109630224 0.10027054034520028 3
1769109632860 0.08853709255886633 4
1769109635549 0.09518909618951553 5
1769109638197 0.09501217613213284 6
1769109640801 0.08244522327427255 7
1769109643389 0.0761839983075164 8
1769109646081 0.08231899861332982 9
1769109648618 0.07242837184390356 10
1769109650752 0.07842433998404547 11
1769109652899 0.062043577129411144 12
1769109689590 0.13060258970011113 0
1769109691256 0.11328999238998391 1
1769109692859 0.09816707523409711 2
1769109694364 0.09332166863388794 3
1769109695869 0.08475289851167174 4
1769109697397 0.09467033530737079 5
1769109698947 0.093064111635782 6
1769109700405 0.0877012613467699 7
1769109701957 0.07130603267009868 8
1769109703492 0.0800046561242536 9
1769109705110 0.0766081953811091 10
1769109706740 0.07518122527141903 11
