1769115584461 0.33150984682713347 0
1769115586669 0.6531728665207878 1
1769115588880 0.7768052516411379 2
1769115591089 0.850109409190372 3
1769115593245 0.8858497447118892 4
1769115595435 0.9059080962800875 5
1769115597667 0.912107950401167 6
1769115599771 0.9321663019693655 7
1769115601969 0.9394602479941648 8
1769115604097 0.9482129832239241 9
1769115606258 0.9489423778264041 10
1769115608416 0.9540481400437637 11
1769115610545 0.9551422319474836 12
1769115612741 0.9660831509846827 13
1769115614925 0.9660831509846827 14
1769115617029 0.9697301239970825 15
1769115619163 0.9762946754194018 16
1769115621297 0.9690007293946025 17
1769115623399 0.9762946754194018 18
1769115625497 0.9726477024070022 19
1769115627635 0.9781181619256017 20
1769115629754 0.9770240700218819 21
1769115631864 0.9810357403355215 22
1769115633969 0.975565280816922 23
1769115636086 0.9806710430342815 24
1769115638153 0.9846827133479212 25
1769115640353 0.9843180160466812 26
1769115642547 0.9894237782640408 27
1769115644645 0.9846827133479212 28
1769115646806 0.9846827133479212 29
1769115648940 0.9846827133479212 30
1769115651063 0.986870897155361 31
1769115653184 0.9835886214442013 32
1769115655273 0.9879649890590809 33
1769115657389 0.9861415025528811 34
1769115659506 0.9894237782640408 35
1769115661680 0.9835886214442013 36
