1769115584461 1.7545972424884175 0
1769115586669 1.1250169041544893 1
1769115588880 0.6809858263925065 2
1769115591089 0.4748592085616533 3
1769115593245 0.35977678035580835 4
1769115595435 0.2884333837170934 5
1769115597667 0.28118473568628 6
1769115599771 0.21737792585478272 7
1769115601969 0.2039018384245939 8
1769115604097 0.1574754860512046 9
1769115606258 0.14995080301927965 10
1769115608416 0.14790269152023072 11
1769115610545 0.14141191282244617 12
1769115612741 0.101387586271347 13
1769115614925 0.10689406374166179 14
1769115617029 0.08937735998526562 15
1769115619163 0.08236769530489 16
1769115621297 0.09051363040194955 17
1769115623399 0.07671159315247868 18
1769115625497 0.08667910809433738 19
1769115627635 0.07500331227256116 20
1769115629754 0.06956574353281149 21
1769115631864 0.05930455810888562 22
1769115633969 0.07044265436571698 23
1769115636086 0.060886242925081144 24
1769115638153 0.04883179203932022 25
1769115640353 0.04978893488255698 26
1769115642547 0.03900826577270447 27
1769115644645 0.04980930631850348 28
1769115646806 0.044960378474274344 29
1769115648940 0.052920836197255655 30
1769115651063 0.046654411429149466 31
1769115653184 0.05162061079470224 32
1769115655273 0.04096463739568757 33
1769115657389 0.04841598279254381 34
1769115659506 0.03512254958365892 35
1769115661680 0.04897623403041169 36
