1769115509588 0.32177844762622454 0
1769115512002 0.6458176337603617 1
1769115514068 0.7871137905048983 2
1769115516181 0.8421250941974379 3
1769115518263 0.8703843255463452 4
1769115520315 0.8982667671439337 5
1769115522407 0.9144687264506406 6
1769115524549 0.9299171062547099 7
1769115526745 0.9404672192916352 8
1769115528924 0.945742275810098 9
1769115530993 0.9495101733232856 10
1769115533055 0.9577995478522984 11
1769115535133 0.9581763376036172 12
1769115537228 0.9593067068575735 13
1769115539278 0.9645817633760362 14
1769115541404 0.9668425018839487 15
1769115543491 0.9649585531273549 16
1769115545570 0.9751318764129616 17
1769115547665 0.9709871891484552 18
