1769115698095 0.9507658643326039 0
1769115700363 0.9518599562363238 1
1769115702630 0.9635302698760029 2
1769115704710 0.9544128373450036 3
1769115706795 0.9580598103574034 4
1769115708899 0.9595185995623632 5
1769115711068 0.9562363238512035 6
1769115713144 0.9653537563822028 7
1769115715313 0.9708242159008024 8
1769115717463 0.9722830051057623 9
1769115719609 0.9679066374908826 10
1769115721724 0.9675419401896426 11
1769115758174 0.950036469730124 0
1769115759859 0.9514952589350839 1
1769115761475 0.9609773887673231 2
1769115763072 0.9555069292487236 3
1769115764689 0.9635302698760029 4
1769115766298 0.9606126914660832 5
1769115767923 0.963165572574763 6
1769115769498 0.9660831509846827 7
1769115771097 0.9668125455871627 8
1769115772667 0.9690007293946025 9
1769115774237 0.9617067833698031 10
