1769115509588 1.801531107652755 0
1769115512002 1.1827200864042555 1
1769115514068 0.7004223678793225 2
1769115516181 0.4947881805045264 3
1769115518263 0.385687839062441 4
1769115520315 0.31548186604465756 5
1769115522407 0.2686509472273645 6
1769115524549 0.2252762715021769 7
1769115526745 0.18701266621549925 8
1769115528924 0.16486284269818238 9
1769115530993 0.15722397289105824 10
1769115533055 0.1400397860755523 11
1769115535133 0.12732230366340705 12
1769115537228 0.123406521266415 13
1769115539278 0.11380394876358055 14
1769115541404 0.09777870397305205 15
1769115543491 0.10281607278046154 16
1769115545570 0.083135770012935 17
1769115547665 0.10494698220420451 18
