1769115698095 0.1631651049436525 0
1769115700363 0.1493023299547129 1
1769115702630 0.12668865156728168 2
1769115704710 0.1465526659821355 3
1769115706795 0.1306134800231734 4
1769115708899 0.12782561345848925 5
1769115711068 0.12741094290517097 6
1769115713144 0.12041359412115674 7
1769115715313 0.10371819675661796 8
1769115717463 0.10084309927079567 9
1769115719609 0.11039703963107841 10
1769115721724 0.10855131284442059 11
1769115758174 0.15673206980491794 0
1769115759859 0.15294966950666072 1
1769115761475 0.13233694642089133 2
1769115763072 0.13839565633341325 3
1769115764689 0.1302826979825663 4
1769115766298 0.1299896368453669 5
1769115767923 0.11743991267542507 6
1769115769498 0.11864445878322734 7
1769115771097 0.1256760658999515 8
1769115772667 0.10824737541897353 9
1769115774237 0.12522906784054844 10
