1768997720311 0.37916666666666665 0
1768997736766 0.6958333333333333 1
1768997753447 0.8087121212121212 2
1768997769891 0.865530303030303 3
1768997786336 0.8666666666666667 4
1768997803005 0.8977272727272727 5
1768997819639 0.9170454545454545 6
1768997836174 0.9287878787878788 7
1768997852744 0.9333333333333333 8
1768997869248 0.940530303030303 9
1768997885864 0.9481060606060606 10
1768997902266 0.9545454545454546 11
1768997920004 0.9541666666666667 12
1768997941030 0.9526515151515151 13
1768997957474 0.9545454545454546 14
1768997973708 0.9575757575757575 15
1768997989982 0.9719696969696969 16
1768998006347 0.968939393939394 17
1768998022992 0.9715909090909091 18
1768998039343 0.975 19
1768998055891 0.9715909090909091 20
1768998072103 0.9768939393939394 21
1768997720311 0.37916666666666665 0
1768997720311 0.37916666666666665 0
1768997720311 0.37916666666666665 0
