1768997720311 1.653128723064101 0
1768997736766 0.9433510439941682 1
1768997753447 0.5871326090341591 2
1768997769891 0.4220699337591608 3
1768997786336 0.3958173984863672 4
1768997803005 0.3238497637661107 5
1768997819639 0.2593209535242563 6
1768997836174 0.2145815188715975 7
1768997852744 0.20522426876677088 8
1768997869248 0.1790605171482606 9
1768997885864 0.16522642536964044 10
1768997902266 0.14650617806936603 11
1768997920004 0.13497401143323226 12
1768997941030 0.13761273583015762 13
1768997957474 0.12030164399240391 14
1768997973708 0.12536903302443314 15
1768997989982 0.09045655619218407 16
1768998006347 0.09078687404742442 17
1768998022992 0.08677149018699146 18
1768998039343 0.07228961013010647 19
1768998055891 0.08396978074886713 20
1768998072103 0.07499210433249014 21
1768997720311 1.653128723064101 0
1768997720311 1.653128723064101 0
1768997720311 1.653128723064101 0
