1768999205301 0.09583298409467235 0
1768999222385 0.07560253319987918 1
1768999239361 0.07284957820220905 2
1768999256871 0.05856654867529869 3
1768999273939 0.06211148242411368 4
1768999290936 0.051785179709686956 5
1768999308228 0.04651750947129639 6
1768999325563 0.04216613911694902 7
1768999342722 0.04454296312897521 8
1768999359950 0.05120663693284287 9
1768999377211 0.04468320780981551 10
1768999394853 0.04088039729634629 11
1768999411889 0.033967381918474156 12
1768999428966 0.034854495623970735 13
1768999446109 0.037441849755123255 14
1768999463358 0.037783114143702036 15
1768999480514 0.03852701051818097 16
1768999497604 0.036228906376944744 17
1768999514784 0.036958164031452995 18
1768999531981 0.04018116775790558 19
1768999548929 0.04140828164458713 20
1768999205301 0.09583298409467235 0
