1768998712169 0.4157814871016692 0
1768998728725 0.7245827010622155 1
1768998745271 0.8171471927162367 2
1768998761541 0.8524279210925645 3
1768998778212 0.8884673748103187 4
1768998794769 0.8975720789074355 5
1768998811137 0.911608497723824 6
1768998827525 0.9260242792109257 7
1768998844042 0.9423368740515933 8
1768998860402 0.93247344461305 9
1768998876470 0.9476479514415781 10
1768998892590 0.951062215477997 11
1768998908801 0.9514415781487102 12
1768998924920 0.9578907435508346 13
1768998941033 0.958649468892261 14
1768998957084 0.9635811836115327 15
1768998973341 0.9669954476479514 16
1768998989553 0.970030349013657 17
1768999005637 0.9719271623672231 18
1768999022047 0.973823975720789 19
1768999038593 0.973823975720789 20
1768999055122 0.9787556904400607 21
1768999071565 0.9768588770864947 22
1768999087956 0.9821699544764795 23
1768999104404 0.9779969650986343 24
1768999120969 0.9795144157814871 25
1768999137426 0.9787556904400607 26
1768999154027 0.9787556904400607 27
1768999170487 0.9867223065250379 28
1768999187203 0.9749620637329287 29
1768998712169 0.4157814871016692 0
1768998712169 0.4157814871016692 0
1768998712169 0.4157814871016692 0
