1768999205301 0.9719867305565795 0
1768999222385 0.9800958348691485 1
1768999239361 0.9782528566162919 2
1768999256871 0.9837817913748618 3
1768999273939 0.9819388131220051 4
1768999290936 0.9845189826760045 5
1768999308228 0.9882049391817177 6
1768999325563 0.9893107261334316 7
1768999342722 0.9870991522300037 8
1768999359950 0.9841503870254331 9
1768999377211 0.987467747880575 10
1768999394853 0.9893107261334316 11
1768999411889 0.9907851087357169 12
1768999428966 0.9893107261334316 13
1768999446109 0.9889421304828603 14
1768999463358 0.9889421304828603 15
1768999480514 0.987467747880575 16
1768999497604 0.9900479174345743 17
1768999514784 0.9904165130851456 18
1768999531981 0.9885735348322889 19
1768999548929 0.9882049391817177 20
1768999205301 0.9719867305565795 0
