1768998712169 1.6082459774362035 0
1768998728725 0.8618578415319144 1
1768998745271 0.5653418395892683 2
1768998761541 0.4394136358456439 3
1768998778212 0.35142530357263174 4
1768998794769 0.30204902041748344 5
1768998811137 0.26317494147154225 6
1768998827525 0.22323903926165709 7
1768998844042 0.1926246412906302 8
1768998860402 0.18877626268799047 9
1768998876470 0.16491352641079798 10
1768998892590 0.1499152359249721 11
1768998908801 0.14738349495343414 12
1768998924920 0.12510149564638914 13
1768998941033 0.12419950645641391 14
1768998957084 0.1301990462669048 15
1768998973341 0.09926348276077265 16
1768998989553 0.08791339791278882 17
1768999005637 0.08845695082367544 18
1768999022047 0.08682757685050728 19
1768999038593 0.0842735992789448 20
1768999055122 0.06915880330131356 21
1768999071565 0.06898463633562248 22
1768999087956 0.06485845974410873 23
1768999104404 0.07189947644428137 24
1768999120969 0.06859253404145858 25
1768999137426 0.06583898773428097 26
1768999154027 0.05388494860941926 27
1768999170487 0.05067825141497495 28
1768999187203 0.07359258045375078 29
1768998712169 1.6082459774362035 0
1768998712169 1.6082459774362035 0
1768998712169 1.6082459774362035 0
