1769108027090 1.8044667133065158 0
1769108029560 1.2024113785388857 1
1769108032051 0.7504555583000183 2
1769108034534 0.5249598622322083 3
1769108037087 0.39247199581112974 4
1769108039541 0.31278928871764694 5
1769108041976 0.2838464670403059 6
1769108044525 0.2331448323851408 7
1769108047057 0.20368340802054072 8
1769108049515 0.1847520475817281 9
1769108052006 0.16209185634588086 10
1769108054441 0.15188496247973554 11
1769108056927 0.13113693113243857 12
1769108059357 0.11631674458121144 13
1769108061846 0.10743817981592445 14
1769108064350 0.11944413644283317 15
1769108066873 0.09553881379407506 16
1769108069319 0.0874520062663874 17
1769108071823 0.07700810401678779 18
1769108074318 0.06480085011571646 19
1769108076748 0.07398022122161332 20
1769108079255 0.08665075956648866 21
1769108081799 0.06939860903333094 22
1769108084203 0.06323414302409389 23
1769108086601 0.07302600539527661 24
1769108089076 0.05625409598267356 25
1769108091536 0.05541989950159954 26
1769108094074 0.04317006961507506 27
1769108096593 0.05267574401507371 28
1769108099141 0.05554026148693506 29
1769108101563 0.039957346459634085 30
1769108104024 0.04352143124222409 31
1769108106548 0.049651784638246134 32
1769108109077 0.044466817654062844 33
1769108111476 0.03733540566226597 34
1769108114002 0.0436546691411803 35
1769108116434 0.05800077740947694 36
1769108118786 0.03801453237010296 37
1769108121373 0.04627031580609984 38
1769108123967 0.03435389264378437 39
1769108126580 0.03729705392318063 40
1769108129105 0.03275359606608575 41
1769108131559 0.02294548818040206 42
1769108133937 0.027580242284551956 43
1769108136502 0.030448025826169827 44
1769108138947 0.02811732045158224 45
1769108141442 0.01917376789686725 46
1769108143886 0.02775788858673687 47
1769108146320 0.03748030631348144 48
1769108148732 0.03290221121617008 49
