1769108027090 0.3154016212232867 0
1769108029560 0.6429624170965365 1
1769108032051 0.7612380250552689 2
1769108034534 0.8308769344141489 3
1769108037087 0.8828297715549005 4
1769108039541 0.899042004421518 5
1769108041976 0.9056742815033162 6
1769108044525 0.9270449521002211 7
1769108047057 0.9366249078850405 8
1769108049515 0.9447310243183493 9
1769108052006 0.9476787030213707 10
1769108054441 0.9509948415622698 11
1769108056927 0.9594694178334562 12
1769108059357 0.9616801768607222 13
1769108061846 0.9683124539425203 14
1769108064350 0.9602063375092115 15
1769108066873 0.9701547531319086 16
1769108069319 0.971997052321297 17
1769108071823 0.971997052321297 18
1769108074318 0.9801031687546058 19
1769108076748 0.975313190862196 20
1769108079255 0.971997052321297 21
1769108081799 0.9789977892409727 22
1769108084203 0.9801031687546058 23
1769108086601 0.9801031687546058 24
1769108089076 0.9812085482682388 25
1769108091536 0.9841562269712602 26
1769108094074 0.9871039056742815 27
1769108096593 0.9826823876197495 28
1769108099141 0.9815770081061165 29
1769108101563 0.9867354458364038 30
1769108104024 0.9871039056742815 31
1769108106548 0.9856300663227708 32
1769108109077 0.9848931466470154 33
1769108111476 0.9893146647015475 34
1769108114002 0.9889462048636699 35
1769108116434 0.9819454679439941 36
1769108118786 0.9889462048636699 37
1769108121373 0.9834193072955048 38
1769108123967 0.9900515843773029 39
1769108126580 0.9896831245394252 40
1769108129105 0.9922623434045689 41
1769108131559 0.9941046425939573 42
1769108133937 0.9926308032424466 43
1769108136502 0.9904200442151806 44
1769108138947 0.9922623434045689 45
1769108141442 0.9948415622697127 46
1769108143886 0.9915254237288136 47
1769108146320 0.9904200442151806 48
1769108148732 0.9878408253500368 49
