1769107926033 1.7742836134774345 0
1769107928816 1.148800551891327 1
1769107931401 0.7097519629058384 2
1769107933788 0.5122657091844649 3
1769107936281 0.3757599209036146 4
1769107938686 0.3126504524123101 5
1769107941080 0.26527010259174166 6
1769107943426 0.23550283217004367 7
1769107945803 0.21302551989044463 8
1769107948177 0.179294807747716 9
1769107950610 0.1584734936200437 10
1769107952968 0.14203256395246303 11
1769107955532 0.1595412404941661 12
1769107957943 0.13866476200166203 13
1769107960375 0.12746411686142287 14
1769107962668 0.09783273039474374 15
1769107965041 0.10071873292326927 16
1769107967505 0.11516351492277213 17
1769107969925 0.10290049114042804 18
1769107972301 0.09707986789622478 19
1769107974636 0.09344638533712853 20
1769107976966 0.07421342327836014 21
1769107979307 0.06534317448469144 22
1769107981677 0.06129713172447823 23
1769107984044 0.04808179892244793 24
1769107986513 0.06157059273460791 25
1769107988911 0.06342048566078856 26
