1769108186047 0.9638909358879882 0
1769108188580 0.9727339719970524 1
1769108191176 0.9745762711864406 2
1769108193733 0.976418570375829 3
1769108196332 0.9801031687546058 4
1769108198789 0.9815770081061165 5
1769108201256 0.976418570375829 6
1769108203793 0.9801031687546058 7
1769108206248 0.9815770081061165 8
1769108208728 0.9830508474576272 9
1769108211309 0.9823139277818718 10
1769108213658 0.9834193072955048 11
1769108251791 0.9605747973470892 0
1769108253793 0.9705232129697863 1
1769108255686 0.9734708916728076 2
1769108257601 0.9745762711864406 3
1769108259620 0.9760501105379513 4
1769108261638 0.9745762711864406 5
1769108263741 0.97310243183493 6
1769108265706 0.9749447310243183 7
1769108267717 0.9778924097273397 8
1769108269663 0.9786293294030951 9
1769108271611 0.9804716285924834 10
