1769107926033 0.32083333333333336 0
1769107928816 0.6541666666666667 1
1769107931401 0.7780303030303031 2
1769107933788 0.8371212121212122 3
1769107936281 0.8761363636363636 4
1769107938686 0.9030303030303031 5
1769107941080 0.9196969696969697 6
1769107943426 0.9261363636363636 7
1769107945803 0.931060606060606 8
1769107948177 0.9409090909090909 9
1769107950610 0.9549242424242425 10
1769107952968 0.9518939393939394 11
1769107955532 0.9503787878787879 12
1769107957943 0.9564393939393939 13
1769107960375 0.9564393939393939 14
1769107962668 0.9674242424242424 15
1769107965041 0.968560606060606 16
1769107967505 0.9640151515151515 17
1769107969925 0.9678030303030303 18
1769107972301 0.9723484848484848 19
1769107974636 0.9761363636363637 20
1769107976966 0.9768939393939394 21
1769107979307 0.9799242424242425 22
1769107981677 0.9795454545454545 23
1769107984044 0.9852272727272727 24
1769107986513 0.978030303030303 25
1769107988911 0.9821969696969697 26
