1769108186047 0.12835159035789412 0
1769108188580 0.09910369196603465 1
1769108191176 0.08996084315139194 2
1769108193733 0.07621209501007269 3
1769108196332 0.0713024036742227 4
1769108198789 0.06665583099996628 5
1769108201256 0.06984993871734586 6
1769108203793 0.05785171791564587 7
1769108206248 0.05886928472927837 8
1769108208728 0.05478219692270423 9
1769108211309 0.06732577592307745 10
1769108213658 0.06061859199300755 11
1769108251791 0.1425121892676797 0
1769108253793 0.10431191125927969 1
1769108255686 0.09002409307935903 2
1769108257601 0.08153288114036239 3
1769108259620 0.07726178976685502 4
1769108261638 0.07964689522808374 5
1769108263741 0.08196520038642162 6
1769108265706 0.0704792445135671 7
1769108267717 0.06735453494759493 8
1769108269663 0.059425510855954745 9
1769108271611 0.06658072769641876 10
