1769015332155 1.6496460494540988 0
1769015349154 0.8638001392994609 1
1769015365803 0.5630647153371856 2
1769015382393 0.4150068747500579 3
1769015398896 0.3344772480250824 4
1769015415567 0.29044428893498014 5
1769015432025 0.24773555807769299 6
1769015448753 0.22192932288384154 7
1769015465275 0.19310917350507917 8
1769015481708 0.17494105461186596 9
1769015498280 0.15355319560815892 10
1769015514971 0.14334917494228908 11
1769015531518 0.12791523854026482 12
1769015547872 0.13505074579179996 13
1769015564757 0.1115696737321005 14
1769015581927 0.08537551444689077 15
1769015598664 0.09406181981432296 16
1769015615285 0.09449171509394157 17
1769015631864 0.09943850162727315 18
1769015648637 0.07874261141045108 19
1769015665232 0.09577151328059179 20
1769015681749 0.06653872968828571 21
1769015698322 0.0665437871412862 22
1769015714930 0.058836468162813356 23
1769015731495 0.07813526463550738 24
1769015747979 0.07648002875170537 25
1769015764559 0.05851123322333608 26
1769015781156 0.06888009307883858 27
1769015797888 0.045713287578629594 28
1769015814436 0.04759260981864784 29
1769015831002 0.0521991020581308 30
1769015847602 0.053226295437309 31
1769015864454 0.06874074199974227 32
1769015880973 0.06673274507851429 33
1769015897664 0.05295199621745962 34
1769015914287 0.045488049004537366 35
1769015931283 0.047970596552615805 36
1769015948288 0.0348657624674074 37
1769015965057 0.03779844740486061 38
1769015981695 0.04161471163388342 39
1769015998477 0.049855201288924685 40
1769015332155 1.6496460494540988 0
1769015332155 1.6496460494540988 0
1769015332155 1.6496460494540988 0
