1769016016841 0.06866011325118326 0
1769016033998 0.06025288717788752 1
1769016051274 0.0484378055877832 2
1769016068457 0.04469448390692949 3
1769016085623 0.03353938680591582 4
1769016102828 0.03427713404160513 5
1769016120071 0.035231672464274305 6
1769016137544 0.031030594694785515 7
1769016154779 0.03326157727522429 8
1769016171952 0.02339249670906209 9
1769016189406 0.02647939507530049 10
1769016206756 0.02652002748665075 11
1769016223823 0.027514488766576316 12
1769016016841 0.06866011325118326 0
