1769015332155 0.4244011976047904 0
1769015349154 0.7208083832335329 1
1769015365803 0.8218562874251497 2
1769015382393 0.8645209580838323 3
1769015398896 0.8940868263473054 4
1769015415567 0.9075598802395209 5
1769015432025 0.9195359281437125 6
1769015448753 0.9266467065868264 7
1769015465275 0.9348802395209581 8
1769015481708 0.9423652694610778 9
1769015498280 0.9419910179640718 10
1769015514971 0.9539670658682635 11
1769015531518 0.9592065868263473 12
1769015547872 0.9547155688622755 13
1769015564757 0.9636976047904192 14
1769015581927 0.9726796407185628 15
1769015598664 0.9663173652694611 16
1769015615285 0.9666916167664671 17
1769015631864 0.9659431137724551 18
1769015648637 0.9719311377245509 19
1769015665232 0.9704341317365269 20
1769015681749 0.9805389221556886 21
1769015698322 0.9809131736526946 22
1769015714930 0.9812874251497006 23
1769015731495 0.9738023952095808 24
1769015747979 0.9749251497005988 25
1769015764559 0.9816616766467066 26
1769015781156 0.9764221556886228 27
1769015797888 0.9861526946107785 28
1769015814436 0.9857784431137725 29
1769015831002 0.9850299401197605 30
1769015847602 0.9820359281437125 31
1769015864454 0.9779191616766467 32
1769015880973 0.9782934131736527 33
1769015897664 0.9809131736526946 34
1769015914287 0.9857784431137725 35
1769015931283 0.9839071856287425 36
1769015948288 0.9910179640718563 37
1769015965057 0.9883982035928144 38
1769015981695 0.9865269461077845 39
1769015998477 0.9842814371257484 40
1769015332155 0.4244011976047904 0
1769015332155 0.4244011976047904 0
1769015332155 0.4244011976047904 0
