1769112399703 1.755096901294797 0
1769112402276 1.1169479614080384 1
1769112404783 0.6733837446501089 2
1769112407259 0.48922037974346516 3
1769112409876 0.39844586301681606 4
1769112412406 0.3352809666201126 5
1769112414858 0.27617119079412417 6
1769112417306 0.24337862709233926 7
1769112419876 0.19910710790129596 8
1769112422357 0.19851493038410364 9
1769112424894 0.1589645245220772 10
1769112427441 0.1413093625979368 11
1769112430096 0.12475227434621301 12
1769112432575 0.1179223734192377 13
1769112435134 0.11747091735691526 14
1769112437624 0.11715454252999882 15
1769112440255 0.09223342284040395 16
1769112442745 0.08040595327525638 17
1769112445303 0.08189172156934821 18
1769112447785 0.08599647593706153 19
1769112450340 0.09128149546856104 20
1769112452984 0.0736362072530874 21
1769112455425 0.06788824277735034 22
1769112457899 0.06172058677170859 23
