1769112399703 0.3310142804833394 0
1769112402276 0.6708165507140241 1
1769112404783 0.7773709264005859 2
1769112407259 0.8407176858293666 3
1769112409876 0.8725741486634933 4
1769112412406 0.8982057854265837 5
1769112414858 0.9110216038081289 6
1769112417306 0.9209080922738924 7
1769112419876 0.9399487367264738 8
1769112422357 0.9333577444159649 9
1769112424894 0.9454412303185646 10
1769112427441 0.9575247162211644 11
1769112430096 0.9619187110948371 12
1769112432575 0.9553277187843281 13
1769112435134 0.9589893811790553 14
1769112437624 0.9644818747711461 15
1769112440255 0.9736360307579641 16
1769112442745 0.975100695715855 17
1769112445303 0.975100695715855 18
1769112447785 0.9714390333211278 19
1769112450340 0.972537532039546 20
1769112452984 0.975100695715855 21
1769112455425 0.9783961918711095 22
1769112457899 0.9783961918711095 23
