1769112495373 0.08429176635433767 0
1769112497953 0.056650369633855516 1
1769112500466 0.044309713422905565 2
1769112502883 0.036213135758284914 3
1769112505316 0.03649848409343597 4
1769112507837 0.03585501938928352 5
1769112510391 0.03321511746752401 6
1769112512799 0.026838194605959362 7
1769112515217 0.034327537931371915 8
1769112517784 0.023773939467879923 9
1769112520201 0.031777655608345605 10
1769112522620 0.02605176371587224 11
1769112560276 0.08660171791737856 0
1769112562244 0.05179030934435337 1
1769112564145 0.04300853396700912 2
1769112566187 0.04193540684185749 3
1769112568012 0.029009644646024287 4
1769112569899 0.036867833972453724 5
1769112571909 0.029749433899861434 6
1769112573865 0.024495189143128173 7
1769112575794 0.029768722456728302 8
1769112577660 0.02079140491848595 9
1769112579557 0.03018580003489935 10
