1769112248756 0.3334575260804769 0
1769112251555 0.6568554396423248 1
1769112254045 0.7805514157973175 2
1769112256561 0.8487332339791356 3
1769112259083 0.879284649776453 4
1769112261605 0.9001490312965723 5
1769112263980 0.9195230998509687 6
1769112266505 0.9225037257824144 7
1769112268972 0.9344262295081968 8
1769112271428 0.9344262295081968 9
1769112273864 0.9493293591654247 10
1769112276201 0.9552906110283159 11
1769112278552 0.9560357675111774 12
1769112280962 0.963859910581222 13
1769112283352 0.960134128166915 14
1769112285771 0.9657228017883756 15
1769112288188 0.9705663189269746 16
1769112290595 0.9731743666169895 17
1769112293105 0.9679582712369598 18
1769112295454 0.9720566318926974 19
1769112297817 0.9769001490312966 20
1769112300340 0.9783904619970194 21
1769112302747 0.9765275707898659 22
1769112305098 0.9787630402384501 23
1769112307538 0.9795081967213115 24
1769112309901 0.9798807749627422 25
1769112312399 0.9850968703427719 26
1769112314817 0.9869597615499255 27
1769112317320 0.9880774962742176 28
1769112319734 0.9865871833084948 29
1769112322319 0.9806259314456036 30
1769112324788 0.9832339791356185 31
1769112327323 0.9809985096870343 32
1769112329651 0.9858420268256334 33
1769112332088 0.9836065573770492 34
1769112334524 0.982488822652757 35
1769112336936 0.9858420268256334 36
1769112339326 0.9839791356184798 37
