1769112495373 0.9769315269132186 0
1769112497953 0.981691688026364 1
1769112500466 0.9868180153789821 2
1769112502883 0.9864518491395093 3
1769112505316 0.9860856829000366 4
1769112507837 0.9886488465763457 5
1769112510391 0.9897473452947638 6
1769112512799 0.9952398388868546 7
1769112515217 0.9879165140974002 8
1769112517784 0.993409007689491 9
1769112520201 0.9904796777737093 10
1769112522620 0.9912120102526547 11
1769112560276 0.9783961918711095 0
1769112562244 0.9831563529842549 1
1769112564145 0.9853533504210912 2
1769112566187 0.9871841816184548 3
1769112568012 0.9915781764921274 4
1769112569899 0.9886488465763457 5
1769112571909 0.9923105089710729 6
1769112573865 0.9919443427316001 7
1769112575794 0.9912120102526547 8
1769112577660 0.9945075064079092 9
1769112579557 0.9912120102526547 10
