1769112248756 1.7846331000328064 0
1769112251555 1.1681988054797763 1
1769112254045 0.7210871208281744 2
1769112256561 0.4831934088752383 3
1769112259083 0.38338263652154375 4
1769112261605 0.30843341989176615 5
1769112263980 0.25511264002748896 6
1769112266505 0.2365649463165374 7
1769112268972 0.20472115828167825 8
1769112271428 0.18325238328959262 9
1769112273864 0.15721107877436138 10
1769112276201 0.13969890125805423 11
1769112278552 0.1283790749453363 12
1769112280962 0.11622137465469894 13
1769112283352 0.11636236780101344 14
1769112285771 0.10004421487627994 15
1769112288188 0.09906274333064045 16
1769112290595 0.08701621732186704 17
1769112293105 0.09354025240810145 18
1769112295454 0.08900178968906403 19
1769112297817 0.06780090413632847 20
1769112300340 0.06316548404062078 21
1769112302747 0.06842149066783133 22
1769112305098 0.06521222436623204 23
1769112307538 0.05862261891542446 24
1769112309901 0.058479904086284694 25
1769112312399 0.04772941979934417 26
1769112314817 0.03914958353908289 27
1769112317320 0.04158497599530078 28
1769112319734 0.04574401004772101 29
1769112322319 0.06174599122078646 30
1769112324788 0.05453810875215346 31
1769112327323 0.046352474517854195 32
1769112329651 0.0481967698183975 33
1769112332088 0.05856555292294139 34
1769112334524 0.0526234370689573 35
1769112336936 0.04437008604318613 36
1769112339326 0.046651441581724656 37
