1769113047014 0.33076358296622616 0
1769113049480 0.6508810572687225 1
1769113051992 0.7823054331864905 2
1769113054518 0.8388399412628488 3
1769113057025 0.8755506607929515 4
1769113059482 0.9027165932452276 5
1769113061839 0.9074889867841409 6
1769113064331 0.92143906020558 7
1769113066879 0.9430983847283406 8
1769113069391 0.94640234948605 9
1769113071963 0.9486049926578561 10
1769113074339 0.9588839941262849 11
1769113076795 0.9574155653450808 12
1769113079222 0.9629221732745962 13
1769113081726 0.9629221732745962 14
1769113084219 0.9720998531571219 15
1769113086753 0.9691629955947136 16
1769113089197 0.973568281938326 17
1769113091653 0.9732011747430249 18
1769113094047 0.9787077826725403 19
1769113096627 0.9790748898678414 20
1769113099083 0.9779735682819384 21
