1769113047014 1.7744696195735488 0
1769113049480 1.1308819637742153 1
1769113051992 0.6954936565354813 2
1769113054518 0.5048564034839009 3
1769113057025 0.38676508325476977 4
1769113059482 0.3113233253013256 5
1769113061839 0.27483286483343256 6
1769113064331 0.24077663276084635 7
1769113066879 0.18294906555566676 8
1769113069391 0.16832049017728762 9
1769113071963 0.1598427153603975 10
1769113074339 0.13178592166581818 11
1769113076795 0.12394235356775828 12
1769113079222 0.1091649807816328 13
1769113081726 0.1126987251431443 14
1769113084219 0.10165490916128768 15
1769113086753 0.09749555839009064 16
1769113089197 0.0809808993755385 17
1769113091653 0.09361296212084072 18
1769113094047 0.07149537600750147 19
1769113096627 0.06930173015178637 20
1769113099083 0.06651268902689565 21
