1769112933808 1.7524683702559698 0
1769112936331 1.1234486117249443 1
1769112938871 0.6849278275455747 2
1769112941243 0.5001981552867663 3
1769112943703 0.40920090462480274 4
1769112946104 0.31211454172929126 5
1769112948492 0.2520289963909558 6
1769112950862 0.217288667956988 7
1769112953330 0.21268449191536223 8
1769112955694 0.17288070934868993 9
1769112958147 0.17017049927796637 10
1769112960567 0.15006338911397116 11
1769112962999 0.14536057510191486 12
1769112965439 0.11835121212615854 13
1769112967965 0.12455911650544121 14
1769112970351 0.10788180501688094 15
1769112972702 0.10247974971398002 16
1769112975154 0.0814016364470479 17
1769112977605 0.0740980505278068 18
1769112979990 0.07576600828074984 19
1769112982445 0.07060475651884363 20
1769112984783 0.06965899888780855 21
1769112987257 0.06502074781539184 22
1769112989610 0.07011004692564408 23
1769112991951 0.0679403915557833 24
1769112994413 0.05658964307180473 25
1769112996763 0.0360496724024415 26
1769112999252 0.06317689912837177 27
1769113001590 0.061281786599595635 28
1769113003900 0.0479303629226273 29
1769113006170 0.0505564196168312 30
1769113008438 0.0528253345096129 31
