1769113136665 0.08933560075888107 0
1769113139237 0.07216297267654607 1
1769113141682 0.062391670875597834 2
1769113144108 0.055370072541801735 3
1769113146531 0.057065125901338665 4
1769113149029 0.04249276162320098 5
1769113151495 0.04470842483258525 6
1769113153958 0.04432226076375607 7
1769113156381 0.0429461557678012 8
1769113158734 0.044855841208076064 9
1769113161123 0.04740742496539687 10
1769113199371 0.0770383064180266 0
1769113201422 0.06989968884303126 1
1769113203384 0.07326597876326982 2
1769113205422 0.04789142648494521 3
1769113207401 0.05066677269547484 4
1769113209391 0.04195883323243538 5
1769113211297 0.04317077977019687 6
1769113213197 0.05238585568271404 7
1769113215116 0.042744628381157335 8
1769113217074 0.04170719818970145 9
1769113218988 0.046117887236611095 10
1769113220902 0.04374552654578935 11
1769113222786 0.042969567278876554 12
