1769112933808 0.334841628959276 0
1769112936331 0.6613876319758673 1
1769112938871 0.782051282051282 2
1769112941243 0.8401206636500754 3
1769112943703 0.8653846153846154 4
1769112946104 0.8970588235294118 5
1769112948492 0.919683257918552 6
1769112950862 0.9336349924585219 7
1769112953330 0.9355203619909502 8
1769112955694 0.9441930618401206 9
1769112958147 0.9411764705882353 10
1769112960567 0.9502262443438914 11
1769112962999 0.9498491704374057 12
1769112965439 0.9638009049773756 13
1769112967965 0.9577677224736049 14
1769112970351 0.9653092006033183 15
1769112972702 0.9638009049773756 16
1769112975154 0.9739819004524887 17
1769112977605 0.9766214177978884 18
1769112979990 0.9720965309200603 19
1769112982445 0.9773755656108597 20
1769112984783 0.9788838612368024 21
1769112987257 0.9773755656108597 22
1769112989610 0.975867269984917 23
1769112991951 0.9773755656108597 24
1769112994413 0.9819004524886877 25
1769112996763 0.9917043740573153 26
1769112999252 0.9796380090497737 27
1769113001590 0.9807692307692307 28
1769113003900 0.9826546003016591 29
1769113006170 0.9860482654600302 30
1769113008438 0.9852941176470589 31
