1769113136665 0.973935389133627 0
1769113139237 0.9783406754772394 1
1769113141682 0.9827459618208517 2
1769113144108 0.9853157121879589 3
1769113146531 0.9838472834067548 4
1769113149029 0.9875183553597651 5
1769113151495 0.987885462555066 6
1769113153958 0.9886196769456681 7
1769113156381 0.9886196769456681 8
1769113158734 0.9886196769456681 9
1769113161123 0.98568281938326 10
1769113199371 0.9801762114537445 0
1769113201422 0.9827459618208517 1
1769113203384 0.9783406754772394 2
1769113205422 0.987885462555066 3
1769113207401 0.9845814977973568 4
1769113209391 0.9893538913362702 5
1769113211297 0.9882525697503671 6
1769113213197 0.98568281938326 7
1769113215116 0.986784140969163 8
1769113217074 0.9875183553597651 9
1769113218988 0.9864170337738619 10
1769113220902 0.987151248164464 11
1769113222786 0.986784140969163 12
