1769108883271 0.3419212366580788 0
1769108885867 0.6363636363636364 1
1769108888400 0.7791682002208318 2
1769108890865 0.8454177401545823 3
1769108893283 0.8763341921236658 4
1769108895824 0.8973132131026867 5
1769108898313 0.9212366580787633 6
1769108900761 0.9407434670592565 7
1769108903236 0.9396393080603607 8
1769108905666 0.9455281560544718 9
1769108908154 0.9484725800515275 10
1769108910687 0.9602502760397498 11
1769108913157 0.9606183290393817 12
1769108915547 0.9587780640412219 13
1769108918045 0.9602502760397498 14
1769108920561 0.9694516010305484 15
1769108923030 0.9698196540301803 16
1769108925567 0.9757085020242915 17
1769108927974 0.9801251380198749 18
1769108930421 0.9676113360323887 19
1769108932842 0.9801251380198749 20
1769108935299 0.9735001840264998 21
