1769108883271 1.7821303522864054 0
1769108885867 1.1617236830467401 1
1769108888400 0.7117038008778594 2
1769108890865 0.48177409033442653 3
1769108893283 0.38825633879317795 4
1769108895824 0.31087425697681514 5
1769108898313 0.25777982660504273 6
1769108900761 0.2107019816027131 7
1769108903236 0.1872988123186799 8
1769108905666 0.16293442613163658 9
1769108908154 0.15208348449926043 10
1769108910687 0.13275266508030337 11
1769108913157 0.12654142358968423 12
1769108915547 0.1294104969345553 13
1769108918045 0.11015647740731406 14
1769108920561 0.09349080616998118 15
1769108923030 0.08406662607435571 16
1769108925567 0.07939512533850449 17
1769108927974 0.0663412949286921 18
1769108930421 0.09449468799975029 19
1769108932842 0.06750111030631287 20
1769108935299 0.08476292944058429 21
