1769108705749 0.32115963855421686 0
1769108708523 0.641566265060241 1
1769108710921 0.7786144578313253 2
1769108713398 0.8463855421686747 3
1769108715823 0.8697289156626506 4
1769108718156 0.901355421686747 5
1769108720690 0.9137801204819277 6
1769108723186 0.9175451807228916 7
1769108725683 0.9461596385542169 8
1769108728047 0.9382530120481928 9
1769108730495 0.947289156626506 10
1769108732903 0.9529367469879518 11
1769108735224 0.9548192771084337 12
1769108737808 0.9672439759036144 13
1769108740244 0.9585843373493976 14
1769108742577 0.9743975903614458 15
1769108745010 0.9743975903614458 16
1769108747449 0.9789156626506024 17
1769108749921 0.9691265060240963 18
1769108752403 0.9766566265060241 19
1769108754746 0.9770331325301205 20
1769108757076 0.9804216867469879 21
1769108759419 0.9777861445783133 22
1769108761831 0.9789156626506024 23
1769108764151 0.978539156626506 24
1769108766561 0.9823042168674698 25
1769108769043 0.9841867469879518 26
1769108771410 0.9800451807228916 27
1769108773734 0.9819277108433735 28
1769108776112 0.9747740963855421 29
1769108778511 0.9845632530120482 30
1769108780859 0.9845632530120482 31
1769108783214 0.9838102409638554 32
1769108785551 0.9826807228915663 33
1769108787944 0.9845632530120482 34
1769108790399 0.9905873493975904 35
1769108792812 0.9924698795180723 36
1769108795122 0.990210843373494 37
1769108797471 0.9935993975903614 38
1769108799746 0.9860692771084337 39
1769108802152 0.9894578313253012 40
1769108804476 0.9909638554216867 41
1769108806920 0.9898343373493976 42
1769108809327 0.9887048192771084 43
1769108811679 0.9913403614457831 44
1769108813966 0.990210843373494 45
1769108816305 0.9898343373493976 46
1769108818655 0.9935993975903614 47
1769108821037 0.9905873493975904 48
1769108823401 0.9860692771084337 49
