1769108972643 0.02974703512425253 0
1769108975252 0.02401036980323667 1
1769108977693 0.021582048343018044 2
1769108980110 0.02092478122713781 3
1769108982621 0.015450522452484556 4
1769108985090 0.018131158566427264 5
1769108987488 0.014546100602506898 6
1769108989935 0.012592877231559954 7
1769108992417 0.012264507553312754 8
1769108994855 0.015829315384698294 9
1769108997283 0.01055852308609458 10
1769108999726 0.010413603331937 11
1769109037953 0.03262458984377296 0
1769109039959 0.02463071199058187 1
1769109041986 0.01960732275620103 2
1769109043996 0.017984316529987682 3
1769109045956 0.019445434721663248 4
1769109047970 0.01171035986247494 5
1769109049925 0.012105832057788448 6
1769109051850 0.02021440789428388 7
1769109053802 0.017523048821901685 8
1769109055740 0.014026018618985057 9
1769109057705 0.010945197655061302 10
1769109059618 0.01185170445742822 11
1769109061589 0.009778536950931126 12
1769109063589 0.008880643347321554 13
1769109065543 0.011952233178606041 14
