1769108972643 0.9907986750092014 0
1769108975252 0.9941111520058888 1
1769108977693 0.9941111520058888 2
1769108980110 0.9941111520058888 3
1769108982621 0.9966875230033124 4
1769108985090 0.9944792050055208 5
1769108987488 0.9952153110047847 6
1769108989935 0.9966875230033124 7
1769108992417 0.9959514170040485 8
1769108994855 0.9963194700036805 9
1769108997283 0.9970555760029445 10
1769108999726 0.9966875230033124 11
1769109037953 0.9922708870077291 0
1769109039959 0.9919028340080972 1
1769109041986 0.9941111520058888 2
1769109043996 0.9952153110047847 3
1769109045956 0.9952153110047847 4
1769109047970 0.9966875230033124 5
1769109049925 0.9963194700036805 6
1769109051850 0.9948472580051527 7
1769109053802 0.9941111520058888 8
1769109055740 0.9955833640044166 9
1769109057705 0.9963194700036805 10
1769109059618 0.9966875230033124 11
1769109061589 0.9981597350018403 12
1769109063589 0.9981597350018403 13
1769109065543 0.9966875230033124 14
