1769108705749 1.7901727642331804 0
1769108708523 1.1737511370863234 1
1769108710921 0.7020768005223501 2
1769108713398 0.4908223698536555 3
1769108715823 0.39181652736096156 4
1769108718156 0.30943008370342706 5
1769108720690 0.27069244462819325 6
1769108723186 0.25006457542379695 7
1769108725683 0.1747975136552538 8
1769108728047 0.18843102330962816 9
1769108730495 0.16441797802136057 10
1769108732903 0.1474418913324674 11
1769108735224 0.13504560868300142 12
1769108737808 0.09868357162035647 13
1769108740244 0.12120524749514602 14
1769108742577 0.09034796014782928 15
1769108745010 0.09050563390233687 16
1769108747449 0.06691691381413312 17
1769108749921 0.09253926499791089 18
1769108752403 0.06356157435636435 19
1769108754746 0.06813663408337604 20
1769108757076 0.0635614454347108 21
1769108759419 0.0711956509566378 22
1769108761831 0.06880963301020009 23
1769108764151 0.0708012446938526 24
1769108766561 0.05655018583915773 25
1769108769043 0.05442029105809828 26
1769108771410 0.059362000198147837 27
1769108773734 0.055740546501640766 28
1769108776112 0.0647951870424939 29
1769108778511 0.053603424868058594 30
1769108780859 0.0429973123883385 31
1769108783214 0.050574902982805814 32
1769108785551 0.05472091539940309 33
1769108787944 0.0524583164979482 34
1769108790399 0.030742624037278194 35
1769108792812 0.026316187000789103 36
1769108795122 0.033407840811248334 37
1769108797471 0.023693718487352487 38
1769108799746 0.03878682617852021 39
1769108802152 0.03216383507519606 40
1769108804476 0.026890167462018628 41
1769108806920 0.03855765182968406 42
1769108809327 0.043293535199371125 43
1769108811679 0.02718448906671256 44
1769108813966 0.026641113104276536 45
1769108816305 0.03200304605499176 46
1769108818655 0.023799967447606225 47
1769108821037 0.027439521284707422 48
1769108823401 0.03700800590394508 49
