1769106097821 1.7741362521814745 0
1769106100391 1.1176662930222445 1
1769106102936 0.6499942929245704 2
1769106105420 0.4634861959967502 3
1769106107863 0.39955611804197 4
1769106110311 0.2958471712677978 5
1769106112786 0.26748288370842155 6
1769106115309 0.22632149156442907 7
1769106117835 0.20683906487254208 8
1769106120258 0.16249993382844813 9
1769106122723 0.1543114413182403 10
1769106125268 0.12984191444377566 11
1769106127688 0.126987068978853 12
1769106130143 0.11978189170707104 13
1769106132646 0.10068151432760926 14
1769106135159 0.10215025836991709 15
1769106137653 0.08109687255738779 16
1769106140065 0.08147124779345684 17
1769106142539 0.08958840699389924 18
1769106145130 0.08521460754753546 19
1769106147633 0.05993395827190821 20
1769106150077 0.05387625490250283 21
1769106152536 0.061095540422599674 22
1769106155020 0.06104325186894383 23
1769106157444 0.05169688784625641 24
