1769106097821 0.3498168498168498 0
1769106100391 0.6692307692307692 1
1769106102936 0.8076923076923077 2
1769106105420 0.8487179487179487 3
1769106107863 0.8791208791208791 4
1769106110311 0.906959706959707 5
1769106112786 0.9084249084249084 6
1769106115309 0.9351648351648352 7
1769106117835 0.9307692307692308 8
1769106120258 0.9439560439560439 9
1769106122723 0.9498168498168498 10
1769106125268 0.9553113553113554 11
1769106127688 0.9531135531135531 12
1769106130143 0.9567765567765568 13
1769106132646 0.9648351648351648 14
1769106135159 0.9703296703296703 15
1769106137653 0.9791208791208791 16
1769106140065 0.9736263736263736 17
1769106142539 0.9721611721611721 18
1769106145130 0.9721611721611721 19
1769106147633 0.9824175824175824 20
1769106150077 0.9835164835164835 21
1769106152536 0.9802197802197802 22
1769106155020 0.9805860805860805 23
1769106157444 0.9838827838827838 24
