1769105987461 1.7837371627489726 0
1769105990151 1.1367614425363994 1
1769105992723 0.6974138276917594 2
1769105995376 0.4942807271367028 3
1769105998062 0.39019915958245593 4
1769106000677 0.3016299037706284 5
1769106003338 0.2776031845382282 6
1769106005900 0.22883084735700063 7
1769106008543 0.20157836625973383 8
1769106011019 0.1782379938023431 9
1769106013401 0.14858497484099298 10
1769106015985 0.13624143768988906 11
1769106018511 0.13632175894010634 12
1769106020967 0.1369430579777275 13
1769106023378 0.10853209248965695 14
1769106025787 0.0923405226231331 15
1769106028171 0.08682684715659846 16
1769106030618 0.08279440139553376 17
1769106033037 0.07485606291863535 18
1769106035490 0.0757863905635618 19
1769106037926 0.07424368766979092 20
