1769106194745 0.9567765567765568 0
1769106197294 0.9695970695970696 1
1769106199862 0.967032967032967 2
1769106202336 0.9637362637362638 3
1769106204721 0.9673992673992674 4
1769106207235 0.9619047619047619 5
1769106209698 0.96996336996337 6
1769106212220 0.9681318681318681 7
1769106214694 0.9743589743589743 8
1769106217122 0.9706959706959707 9
1769106219595 0.9732600732600732 10
1769106222024 0.9783882783882784 11
1769106224556 0.9747252747252747 12
1769106226976 0.9725274725274725 13
1769106229414 0.971062271062271 14
1769106231880 0.9736263736263736 15
1769106234280 0.9758241758241758 16
1769106236624 0.9750915750915751 17
1769106239125 0.9802197802197802 18
1769106241578 0.9758241758241758 19
1769106244047 0.9732600732600732 20
1769106246491 0.9776556776556776 21
1769106284326 0.9560439560439561 0
1769106286307 0.9586080586080586 1
1769106288312 0.9644688644688645 2
1769106290327 0.9655677655677656 3
1769106292204 0.9717948717948718 4
1769106294159 0.9673992673992674 5
1769106296043 0.9677655677655678 6
1769106298015 0.9688644688644689 7
1769106299966 0.9692307692307692 8
1769106301963 0.9717948717948718 9
1769106304012 0.9673992673992674 10
