1769105987461 0.34867924528301886 0
1769105990151 0.6630188679245284 1
1769105992723 0.7788679245283019 2
1769105995376 0.8415094339622642 3
1769105998062 0.8773584905660378 4
1769106000677 0.9026415094339623 5
1769106003338 0.9154716981132075 6
1769106005900 0.9260377358490566 7
1769106008543 0.9313207547169812 8
1769106011019 0.9433962264150944 9
1769106013401 0.950566037735849 10
1769106015985 0.9584905660377359 11
1769106018511 0.9558490566037736 12
1769106020967 0.9577358490566038 13
1769106023378 0.9664150943396227 14
1769106025787 0.970566037735849 15
1769106028171 0.9739622641509434 16
1769106030618 0.9724528301886792 17
1769106033037 0.9758490566037736 18
1769106035490 0.9762264150943396 19
1769106037926 0.9758490566037736 20
