1769106194745 0.1367423004189203 0
1769106197294 0.10791180620706359 1
1769106199862 0.10995579380975214 2
1769106202336 0.11632144104602725 3
1769106204721 0.10323430346541626 4
1769106207235 0.11270938986955686 5
1769106209698 0.09624454851240613 6
1769106212220 0.09935739655914001 7
1769106214694 0.09385738747064458 8
1769106217122 0.10011457942079666 9
1769106219595 0.09067570877283118 10
1769106222024 0.07831619710249957 11
1769106224556 0.0858159776517125 12
1769106226976 0.09516554914934691 13
1769106229414 0.08493701758426289 14
1769106231880 0.0825256570134052 15
1769106234280 0.07444484661831412 16
1769106236624 0.07536142488378425 17
1769106239125 0.06687204162915085 18
1769106241578 0.07899665035480677 19
1769106244047 0.07875687932205755 20
1769106246491 0.0779904387674706 21
1769106284326 0.1324928987684638 0
1769106286307 0.1288143119579831 1
1769106288312 0.11727310803740523 2
1769106290327 0.11081075139863547 3
1769106292204 0.09820452523092892 4
1769106294159 0.10062966097232907 5
1769106296043 0.10859699079463649 6
1769106298015 0.10139531902102537 7
1769106299966 0.09343419224023819 8
1769106301963 0.0958428981952196 9
1769106304012 0.09681603711011798 10
