1769117467639 0.3646630236794171 0
1769117470133 0.6608378870673952 1
1769117472627 0.7861566484517304 2
1769117475107 0.8371584699453551 3
1769117477553 0.8772313296903461 4
1769117479948 0.897632058287796 5
1769117482485 0.902367941712204 6
1769117485003 0.9264116575591985 7
1769117487376 0.9326047358834244 8
1769117489908 0.9413479052823315 9
1769117492401 0.9489981785063752 10
1769117494895 0.9610200364298725 11
1769117497323 0.9573770491803278 12
1769117499803 0.9544626593806922 13
1769117502287 0.9646630236794171 14
1769117504765 0.9675774134790528 15
1769117507257 0.9704918032786886 16
1769117509730 0.970856102003643 17
1769117512210 0.9759562841530055 18
1769117514774 0.9715846994535519 19
1769117517242 0.9741347905282332 20
1769117519676 0.9788706739526412 21
1769117522181 0.9737704918032787 22
1769117524696 0.981056466302368 23
1769117527186 0.9806921675774135 24
1769117529676 0.985063752276867 25
