1769117467639 1.7511333421219226 0
1769117470133 1.1120663687240246 1
1769117472627 0.6887551629266073 2
1769117475107 0.5041466625623925 3
1769117477553 0.3827375613672789 4
1769117479948 0.31590278412020484 5
1769117482485 0.26883932410977607 6
1769117485003 0.23063228036775146 7
1769117487376 0.205248570112988 8
1769117489908 0.18564449406640474 9
1769117492401 0.15265913810147796 10
1769117494895 0.13073943650653197 11
1769117497323 0.1365926910278409 12
1769117499803 0.1340196718310201 13
1769117502287 0.09987060730020668 14
1769117504765 0.09636648007950117 15
1769117507257 0.09128809302265561 16
1769117509730 0.09025155315392239 17
1769117512210 0.07846431460144908 18
1769117514774 0.07951378480119761 19
1769117517242 0.07342561910492043 20
1769117519676 0.07263367005818805 21
1769117522181 0.07561699550079051 22
1769117524696 0.06331464050467624 23
1769117527186 0.05373041120596057 24
1769117529676 0.0568249401484811 25
