1769117567605 0.06013650394066475 0
1769117570170 0.054393011437685684 1
1769117572528 0.03504437255824721 2
1769117574989 0.031389584071760956 3
1769117577400 0.028158003128631863 4
1769117579763 0.024027127545153678 5
1769117582154 0.02627396375092483 6
1769117584507 0.023338289693171203 7
1769117587029 0.029666130127775116 8
1769117589395 0.021402662132628435 9
1769117591725 0.018914716989668304 10
1769117629911 0.04917144134023422 0
1769117631898 0.04760268667366269 1
1769117633787 0.04405033207216928 2
1769117635722 0.040212334821347236 3
1769117637710 0.03717328423937393 4
1769117639651 0.029187674060204002 5
1769117641600 0.028296347799559318 6
1769117643563 0.029769630257993243 7
1769117645551 0.022215785799807933 8
1769117647495 0.028946831768248662 9
1769117649447 0.026316634937037908 10
