1769117567605 0.9832422586520947 0
1769117570170 0.9828779599271402 1
1769117572528 0.9912568306010929 2
1769117574989 0.990528233151184 3
1769117577400 0.9908925318761385 4
1769117579763 0.9948998178506375 5
1769117582154 0.9894353369763206 6
1769117584507 0.9930783242258652 7
1769117587029 0.989799635701275 8
1769117589395 0.9948998178506375 9
1769117591725 0.9938069216757741 10
1769117629911 0.9865209471766849 0
1769117631898 0.9890710382513661 1
1769117633787 0.9865209471766849 2
1769117635722 0.9887067395264116 3
1769117637710 0.9901639344262295 4
1769117639651 0.9894353369763206 5
1769117641600 0.9919854280510019 6
1769117643563 0.989799635701275 7
1769117645551 0.9938069216757741 8
1769117647495 0.990528233151184 9
1769117649447 0.9912568306010929 10
