1769117310134 0.3413353338334584 0
1769117312474 0.660165041260315 1
1769117314850 0.7835708927231808 2
1769117317303 0.8499624906226556 3
1769117319759 0.8852213053263316 4
1769117322255 0.894973743435859 5
1769117324595 0.9231057764441111 6
1769117326916 0.932483120780195 7
1769117329308 0.9354838709677419 8
1769117331734 0.9474868717179294 9
1769117334240 0.9467366841710427 10
1769117336685 0.9452363090772693 11
1769117339095 0.9609902475618904 12
1769117341553 0.9613653413353338 13
1769117343978 0.9617404351087772 14
1769117346442 0.9703675918979745 15
1769117348882 0.9662415603900976 16
1769117351293 0.9737434358589647 17
1769117353840 0.9752438109527382 18
1769117356182 0.9763690922730682 19
1769117358620 0.977119279819955 20
1769117361026 0.9748687171792948 21
1769117363426 0.9763690922730682 22
1769117365773 0.9831207801950488 23
1769117368225 0.9797449362340586 24
1769117370616 0.9804951237809453 25
1769117373099 0.9842460615153789 26
1769117375509 0.9838709677419355 27
1769117378084 0.986496624156039 28
1769117380458 0.9838709677419355 29
1769117382908 0.9872468117029257 30
1769117385330 0.981245311327832 31
1769117387796 0.9842460615153789 32
1769117390228 0.9913728432108027 33
1769117392659 0.9898724681170292 34
1769117395094 0.9872468117029257 35
1769117397582 0.9838709677419355 36
1769117400079 0.9868717179294824 37
1769117402570 0.9868717179294824 38
1769117405066 0.9846211552888222 39
1769117407380 0.9853713428357089 40
