1769117310134 1.7758542554719108 0
1769117312474 1.144362749088378 1
1769117314850 0.7072842319806417 2
1769117317303 0.48279148978846415 3
1769117319759 0.3710283062287739 4
1769117322255 0.32275139363039107 5
1769117324595 0.24485753387922332 6
1769117326916 0.21300944242449033 7
1769117329308 0.19402874757846197 8
1769117331734 0.168072019304548 9
1769117334240 0.1605247108354455 10
1769117336685 0.15863450847211338 11
1769117339095 0.11618575240884509 12
1769117341553 0.11394867899694613 13
1769117343978 0.12490620818876084 14
1769117346442 0.09738911803634394 15
1769117348882 0.09488049584130447 16
1769117351293 0.08892866734060503 17
1769117353840 0.08379481719540698 18
1769117356182 0.08186023775488138 19
1769117358620 0.07062531342463833 20
1769117361026 0.07550950370551575 21
1769117363426 0.07373488893998521 22
1769117365773 0.05986820844312509 23
1769117368225 0.0633212137257769 24
1769117370616 0.054424614434884416 25
1769117373099 0.04889456521985786 26
1769117375509 0.05290948153872575 27
1769117378084 0.048254908639050666 28
1769117380458 0.04836250020058027 29
1769117382908 0.04184825586465498 30
1769117385330 0.05638484525982113 31
1769117387796 0.04498585255905276 32
1769117390228 0.03173315265615072 33
1769117392659 0.036519818096643404 34
1769117395094 0.03978826419361645 35
1769117397582 0.05048127027805008 36
1769117400079 0.0455978760118818 37
1769117402570 0.04271932864295585 38
1769117405066 0.045246778826584066 39
1769117407380 0.04551810440274754 40
