1769004485783 1.6806600533780598 0
1769004505255 0.8893227293377831 1
1769004524467 0.5591965628166994 2
1769004543652 0.4130179060711747 3
1769004563028 0.35880816550481887 4
1769004582024 0.30454969006989685 5
1769004601093 0.25486251667496707 6
1769004620241 0.21698985554810082 7
1769004639512 0.18932891721349387 8
1769004658672 0.18294001774241528 9
1769004681248 0.157812692646292 10
1769004700351 0.1620565734892374 11
1769004717568 0.1375948167184279 12
1769004734568 0.14617734925732725 13
1769004752729 0.11241341528615781 14
1769004770121 0.09908787560250078 15
1769004787270 0.09264414094477183 16
1769004804415 0.10222364550212487 17
1769004821235 0.085124274638171 18
1769004838664 0.09955719184862184 19
1769004855569 0.08204622384315978 20
1769004872539 0.057189269967022394 21
1769004889526 0.09258392633914593 22
1769004906860 0.08860492290529821 23
1769004926225 0.0736032716896651 24
1769004945212 0.06844087866955392 25
1769004963751 0.04945164083481012 26
1769004981376 0.04374801111546168 27
1769005000726 0.04812840801674784 28
1769005018602 0.046505918902333916 29
1769005035536 0.060657158355406 30
1769005052368 0.05872749091802342 31
1769005069292 0.04151370313151607 32
1769005087546 0.04378784747955035 33
1769005105660 0.036699547964547365 34
1769004485783 1.6806600533780598 0
1769004485783 1.6806600533780598 0
1769004485783 1.6806600533780598 0
