1769005124020 0.08052346469336298 0
1769005141132 0.048490372231923214 1
1769005162944 0.046786964646280675 2
1769005183876 0.04666664023060611 3
1769005202851 0.037284742678017464 4
1769005221619 0.04171258309682788 5
1769005240465 0.03940826809835122 6
1769005259729 0.03347166382361117 7
1769005278841 0.02735898752296127 8
1769005297809 0.029294637251147178 9
1769005317178 0.034039108999084335 10
1769005336173 0.029256998539664025 11
1769005355169 0.025957114408388302 12
1769005374327 0.02236403292180364 13
1769005393672 0.029865145025406638 14
1769005412462 0.02015969543013895 15
1769005431454 0.024110807032800864 16
1769005450306 0.02361789169020106 17
1769005469347 0.024436956433969183 18
1769005488520 0.024501386565578626 19
1769005124020 0.08052346469336298 0
