1769005124020 0.9743683632369096 0
1769005141132 0.9824240205053094 1
1769005162944 0.9849871841816185 2
1769005183876 0.9860856829000366 3
1769005202851 0.9904796777737093 4
1769005221619 0.9897473452947638 5
1769005240465 0.9886488465763457 6
1769005259729 0.9912120102526547 7
1769005278841 0.9945075064079092 8
1769005297809 0.9901135115342365 9
1769005317178 0.9879165140974002 10
1769005336173 0.9915781764921274 11
1769005355169 0.9937751739289638 12
1769005374327 0.9959721713658001 13
1769005393672 0.9926766752105456 14
1769005412462 0.9956060051263274 15
1769005431454 0.9937751739289638 16
1769005450306 0.9930428414500183 17
1769005469347 0.9926766752105456 18
1769005488520 0.9952398388868546 19
1769005124020 0.9743683632369096 0
