1769004485783 0.38002980625931443 0
1769004505255 0.7224292101341282 1
1769004524467 0.8278688524590164 2
1769004543652 0.8628912071535022 3
1769004563028 0.8848733233979136 4
1769004582024 0.9027570789865872 5
1769004601093 0.9180327868852459 6
1769004620241 0.9277198211624441 7
1769004639512 0.9426229508196722 8
1769004658672 0.9463487332339792 9
1769004681248 0.9534277198211625 10
1769004700351 0.9459761549925484 11
1769004717568 0.9582712369597616 12
1769004734568 0.9504470938897168 13
1769004752729 0.9668405365126677 14
1769004770121 0.9646050670640834 15
1769004787270 0.9731743666169895 16
1769004804415 0.9668405365126677 17
1769004821235 0.9761549925484352 18
1769004838664 0.9660953800298062 19
1769004855569 0.9769001490312966 20
1769004872539 0.982488822652757 21
1769004889526 0.9709388971684053 22
1769004906860 0.9705663189269746 23
1769004926225 0.9780178837555886 24
1769004945212 0.9791356184798807 25
1769004963751 0.9865871833084948 26
1769004981376 0.9873323397913562 27
1769005000726 0.9832339791356185 28
1769005018602 0.9847242921013413 29
1769005035536 0.9798807749627422 30
1769005052368 0.9828614008941878 31
1769005069292 0.9869597615499255 32
1769005087546 0.9884500745156483 33
1769005105660 0.9891952309985097 34
1769004485783 0.38002980625931443 0
1769004485783 0.38002980625931443 0
1769004485783 0.38002980625931443 0
