1769115272415 0.3401385344513307 0
1769115275058 0.6926722566532993 1
1769115277625 0.7849070360918702 2
1769115280130 0.8538096974115932 3
1769115282661 0.8851622311337951 4
1769115285230 0.9008384979948961 5
1769115287766 0.918702150929639 6
1769115290272 0.9325555960627051 7
1769115292681 0.938753189938024 8
1769115295163 0.943857090776522 9
1769115297562 0.953700328107911 10
1769115300073 0.957345971563981 11
1769115302538 0.959168793292016 12
1769115305050 0.958439664600802 13
1769115307511 0.960991615020051 14
1769115310006 0.969012030623405 15
1769115312427 0.9722931097338681 16
1769115314955 0.9744804958075101 17
1769115317534 0.974845060153117 18
1769115319987 0.973386802770689 19
1769115322460 0.979584396646008 20
