1769115272415 1.783117416293122 0
1769115275058 1.089438147323076 1
1769115277625 0.6627240395823191 2
1769115280130 0.46475918071214545 3
1769115282661 0.35786368264708407 4
1769115285230 0.30304424984510553 5
1769115287766 0.2532665923584339 6
1769115290272 0.2148641800118047 7
1769115292681 0.20177507469820422 8
1769115295163 0.17536411720306375 9
1769115297562 0.1357279696263546 10
1769115300073 0.14103878852586413 11
1769115302538 0.12222495493154194 12
1769115305050 0.12896904050437516 13
1769115307511 0.1145354368139145 14
1769115310006 0.09618707984512628 15
1769115312427 0.08070650224595569 16
1769115314955 0.07990072745569916 17
1769115317534 0.08068451536602753 18
1769115319987 0.08431636899449797 19
1769115322460 0.06943358979079613 20
