1769115166644 1.759703346661159 0
1769115169168 1.1517075953029452 1
1769115171666 0.7099383828185853 2
1769115174114 0.48837810648339136 3
1769115176615 0.39606210376535145 4
1769115179084 0.3169287074179876 5
1769115181545 0.27242607215330716 6
1769115183926 0.25002439266869 7
1769115186420 0.19236382451795397 8
1769115188800 0.1761320891479651 9
1769115191240 0.17522885916488512 10
1769115193568 0.1459671478895914 11
1769115195934 0.141675772943667 12
1769115198404 0.11873723690708478 13
1769115200782 0.09317318119463466 14
1769115203217 0.08890477128859077 15
1769115205596 0.09128501270675943 16
1769115207935 0.08546330928359003 17
1769115210326 0.07438833783158944 18
1769115212678 0.06539830232837371 19
