1769115359455 0.1727343040496804 0
1769115362026 0.13993348345853562 1
1769115364601 0.13077641616380492 2
1769115367202 0.1226924922923709 3
1769115369610 0.11915465305710948 4
1769115372101 0.11869697653970053 5
1769115374711 0.11893353446625 6
1769115377177 0.10806028354306553 7
1769115379577 0.1138941513937573 8
1769115381877 0.08989771520502346 9
1769115384399 0.106600581430072 10
1769115386913 0.10244489391875822 11
1769115425109 0.15369308393361958 0
1769115426752 0.13820929487430772 1
1769115428413 0.13505262994142467 2
1769115430020 0.13482989119582398 3
1769115431653 0.12518407499720885 4
1769115433205 0.12042700854498287 5
1769115434836 0.11358086089062136 6
1769115436529 0.11858830843553987 7
1769115438150 0.10816933821107066 8
1769115439757 0.10245557657854501 9
1769115441374 0.11382561207337435 10
1769115443012 0.10036043996034666 11
1769115444639 0.09936231483033924 12
1769115446283 0.09050519608480986 13
1769115447876 0.0881711085175359 14
1769115449504 0.09397846256750961 15
1769115451107 0.09179009029338527 16
