1769115166644 0.3363431151241535 0
1769115169168 0.6561324303987961 1
1769115171666 0.7768999247554552 2
1769115174114 0.8472535741158767 3
1769115176615 0.8702031602708804 4
1769115179084 0.8954100827689992 5
1769115181545 0.9104589917231001 6
1769115183926 0.9221218961625283 7
1769115186420 0.9349134687735139 8
1769115188800 0.9390519187358917 9
1769115191240 0.9386756960120392 10
1769115193568 0.954477050413845 11
1769115195934 0.9533483822422875 12
1769115198404 0.9601203912716328 13
1769115200782 0.9717832957110609 14
1769115203217 0.9736644093303235 15
1769115205596 0.9661399548532731 16
1769115207935 0.972535741158766 17
1769115210326 0.9744168547780286 18
1769115212678 0.981941309255079 19
