1769115359455 0.9456799125045571 0
1769115362026 0.958804228946409 1
1769115364601 0.960262486328837 2
1769115367202 0.9635435654393001 3
1769115369610 0.9650018228217281 4
1769115372101 0.9664600802041561 5
1769115374711 0.95989792198323 6
1769115377177 0.9671892088953701 7
1769115379577 0.9686474662777981 8
1769115381877 0.9744804958075101 9
1769115384399 0.9701057236602261 10
1769115386913 0.969012030623405 11
1769115425109 0.946044476850164 0
1769115426752 0.95989792198323 1
1769115428413 0.959533357637623 2
1769115430020 0.956981407218374 3
1769115431653 0.962449872402479 4
1769115433205 0.9620853080568721 5
1769115434836 0.970470288005833 6
1769115436529 0.9620853080568721 7
1769115438150 0.9679183375865841 8
1769115439757 0.9708348523514401 9
1769115441374 0.965366387167335 10
1769115443012 0.9722931097338681 11
1769115444639 0.9722931097338681 12
1769115446283 0.971199416697047 13
1769115447876 0.9759387531899381 14
1769115449504 0.9722931097338681 15
1769115451107 0.970470288005833 16
