1768985485464 1.6550033250486995 0
1768985525407 0.8815855093031044 1
1768985566230 0.5607637763023376 2
1768985607877 0.41289943330977336 3
1768985649516 0.34829833888145817 4
1768985690442 0.2779535231999604 5
1768985731720 0.2354399874267808 6
1768985771585 0.20630945417895374 7
1768985812162 0.20805159695895323 8
1768985851756 0.18466210091509014 9
1768985893171 0.16834811767540783 10
1768985934716 0.12542025670858034 11
1768985975861 0.117699040257069 12
1768986017458 0.14557587675166778 13
1768986059092 0.11010884183896594 14
1768986102625 0.0821688427668379 15
1768986143700 0.0966675729288843 16
1768986184451 0.09680588457015264 17
1768986225671 0.08619891463341303 18
1768986267051 0.0659523896749569 19
1768986308578 0.06649162803204303 20
1768986349985 0.06666770539841199 21
1768986390926 0.07073218684996961 22
1768986432023 0.07483014643629901 23
1768986473593 0.06076930011117674 24
1768986514434 0.058021257799792 25
1768986556019 0.06401255467053817 26
1768986595793 0.04712951962600451 27
1768986636708 0.05375638047334211 28
1768986678127 0.05337860111528671 29
1768985485464 1.6550033250486995 0
1768985485464 1.6550033250486995 0
1768985485464 1.6550033250486995 0
