1768985485464 0.40150943396226413 0
1768985525407 0.7230188679245283 1
1768985566230 0.8226415094339623 2
1768985607877 0.8716981132075472 3
1768985649516 0.8871698113207547 4
1768985690442 0.910188679245283 5
1768985731720 0.9264150943396227 6
1768985771585 0.9328301886792453 7
1768985812162 0.929811320754717 8
1768985851756 0.9426415094339623 9
1768985893171 0.9449056603773585 10
1768985934716 0.9581132075471698 11
1768985975861 0.9615094339622642 12
1768986017458 0.9490566037735849 13
1768986059092 0.9656603773584905 14
1768986102625 0.9732075471698113 15
1768986143700 0.9694339622641509 16
1768986184451 0.9675471698113207 17
1768986225671 0.9713207547169811 18
1768986267051 0.9773584905660377 19
1768986308578 0.9735849056603774 20
1768986349985 0.9777358490566038 21
1768986390926 0.9762264150943396 22
1768986432023 0.9788679245283018 23
1768986473593 0.98 24
1768986514434 0.9822641509433963 25
1768986556019 0.9773584905660377 26
1768986595793 0.9811320754716981 27
1768986636708 0.9841509433962264 28
1768986678127 0.9830188679245283 29
1768985485464 0.40150943396226413 0
1768985485464 0.40150943396226413 0
1768985485464 0.40150943396226413 0
