1768986722474 0.9783882783882784 0
1768986763548 0.9809523809523809 1
1768986804597 0.9802197802197802 2
1768986845864 0.9864468864468865 3
1768986887899 0.984981684981685 4
1768986929577 0.9831501831501831 5
1768986970684 0.982051282051282 6
1768987012211 0.989010989010989 7
1768987053671 0.9882783882783883 8
1768987095195 0.9897435897435898 9
1768987136753 0.989010989010989 10
1768987178335 0.9853479853479854 11
1768987220960 0.989010989010989 12
1768987261908 0.9882783882783883 13
1768987302885 0.989010989010989 14
1768987344203 0.9904761904761905 15
1768987387073 0.9904761904761905 16
1768987429132 0.9893772893772894 17
1768987471185 0.9901098901098901 18
1768987512644 0.9926739926739927 19
1768986722474 0.9783882783882784 0
