1768986722474 0.07476753938596609 0
1768986763548 0.06164421435976184 1
1768986804597 0.06403016477693306 2
1768986845864 0.042902840171442476 3
1768986887899 0.04970332908140885 4
1768986929577 0.045453431398802716 5
1768986970684 0.06390628620960512 6
1768987012211 0.04105600049762532 7
1768987053671 0.03981261145659224 8
1768987095195 0.030274036283561484 9
1768987136753 0.03855598841923787 10
1768987178335 0.04951414389422077 11
1768987220960 0.030346341191541924 12
1768987261908 0.036195547543303654 13
1768987302885 0.03754056391284563 14
1768987344203 0.03453792978435495 15
1768987387073 0.031581712047417845 16
1768987429132 0.03591783227247381 17
1768987471185 0.03475406499671598 18
1768987512644 0.03157603521262794 19
1768986722474 0.07476753938596609 0
