1769000405298 1.6167621052408794 0
1769000422088 0.8546247511024935 1
1769000438459 0.556664624127997 2
1769000454828 0.44184958970690347 3
1769000471191 0.35052152776933576 4
1769000487674 0.31050888960620004 5
1769000504187 0.24690899504236427 6
1769000520559 0.22421111839722438 7
1769000536936 0.20057766772357813 8
1769000553372 0.1741696610508195 9
1769000570138 0.1582011487559382 10
1769000586680 0.1603019858699247 11
1769000602967 0.15016222885439554 12
1769000619232 0.12579139117824745 13
1769000635687 0.1155953826943794 14
1769000651979 0.11613922055631158 15
1769000668198 0.11435299487896712 16
1769000684517 0.08358119992561729 17
1769000701081 0.09667644759707422 18
1769000717415 0.0903669702315546 19
1769000733652 0.08169154238225107 20
1769000750143 0.0695806617444628 21
1769000767005 0.06796642119367888 22
1769000783436 0.06756457964698952 23
1769000799713 0.06748588997253542 24
1769000816184 0.05839222176729825 25
1769000832556 0.047211893817342546 26
1769000849128 0.05540492785645716 27
1769000865600 0.06219644902318896 28
1769000881974 0.059660324061020134 29
1769000898406 0.06350123103853898 30
1769000914895 0.06496078454810812 31
1769000931277 0.05444356912455286 32
1769000947672 0.05600455832521779 33
1769000964127 0.03319041784123394 34
1769000980591 0.050768800539172154 35
1769000997034 0.05487831432866045 36
1769001013396 0.05535218136171889 37
1769001029819 0.04728728424651122 38
1769000405298 1.6167621052408794 0
1769000405298 1.6167621052408794 0
1769000405298 1.6167621052408794 0
