1769000405298 0.4207132018209408 0
1769000422088 0.7207890743550834 1
1769000438459 0.8156297420333839 2
1769000454828 0.8531866464339909 3
1769000471191 0.883535660091047 4
1769000487674 0.8994688922610015 5
1769000504187 0.9169195751138088 6
1769000520559 0.9260242792109257 7
1769000536936 0.9355083459787557 8
1769000553372 0.9408194233687405 9
1769000570138 0.9468892261001517 10
1769000586680 0.9468892261001517 11
1769000602967 0.9559939301972686 12
1769000619232 0.9594081942336874 13
1769000635687 0.9650986342943855 14
1769000651979 0.9635811836115327 15
1769000668198 0.9559939301972686 16
1769000684517 0.9757207890743551 17
1769000701081 0.9658573596358119 18
1769000717415 0.9715477996965098 19
1769000733652 0.9723065250379362 20
1769000750143 0.9757207890743551 21
1769000767005 0.9791350531107739 22
1769000783436 0.9814112291350531 23
1769000799713 0.9764795144157815 24
1769000816184 0.9817905918057663 25
1769000832556 0.9874810318664643 26
1769000849128 0.9798937784522003 27
1769000865600 0.9787556904400607 28
1769000881974 0.9821699544764795 29
1769000898406 0.9791350531107739 30
1769000914895 0.9791350531107739 31
1769000931277 0.9833080424886191 32
1769000947672 0.9791350531107739 33
1769000964127 0.9901365705614568 34
1769000980591 0.9802731411229135 35
1769000997034 0.9829286798179059 36
1769001013396 0.9829286798179059 37
1769001029819 0.9859635811836115 38
1769000405298 0.4207132018209408 0
1769000405298 0.4207132018209408 0
1769000405298 0.4207132018209408 0
