1769001047869 0.9808259587020649 0
1769001064710 0.984882005899705 1
1769001081478 0.984882005899705 2
1769001098388 0.9841445427728613 3
1769001115371 0.9863569321533924 4
1769001132208 0.9889380530973452 5
1769001148951 0.987094395280236 6
1769001165575 0.9907817109144543 7
1769001182571 0.9889380530973452 8
1769001199209 0.9907817109144543 9
1769001215859 0.991519174041298 10
1769001232411 0.9911504424778761 11
1769001249050 0.9904129793510325 12
1769001265765 0.9929941002949852 13
1769001282316 0.9952064896755162 14
1769001299268 0.9952064896755162 15
1769001316153 0.9926253687315634 16
1769001333050 0.9933628318584071 17
1769001349865 0.9907817109144543 18
1769001047869 0.9808259587020649 0
