1769001047869 0.07344973126755042 0
1769001064710 0.05134633704472114 1
1769001081478 0.048579673147212496 2
1769001098388 0.045314410753438575 3
1769001115371 0.04991758609984947 4
1769001132208 0.04580183658913216 5
1769001148951 0.04041454986230854 6
1769001165575 0.0320987251778955 7
1769001182571 0.03519390636151109 8
1769001199209 0.028206225179190584 9
1769001215859 0.028882441532743327 10
1769001232411 0.029613844569608132 11
1769001249050 0.02965822022079545 12
1769001265765 0.027057145841364913 13
1769001282316 0.020955359330400825 14
1769001299268 0.02078716457437943 15
1769001316153 0.029800657906076486 16
1769001333050 0.019855897775029434 17
1769001349865 0.028034541981897372 18
1769001047869 0.07344973126755042 0
