1769116676768 0.33357611070648213 0
1769116679377 0.655863073561544 1
1769116681970 0.7880553532410779 2
1769116684445 0.8492352512745812 3
1769116686917 0.8827385287691187 4
1769116689420 0.903495994173343 5
1769116691911 0.9206117989803351 6
1769116694395 0.9308084486525856 7
1769116696889 0.9410050983248361 8
1769116699390 0.9435542607428987 9
1769116701891 0.9479242534595775 10
1769116704500 0.9530225782957028 11
1769116706764 0.9566642388929352 12
1769116708941 0.9552075746540423 13
1769116711138 0.965768390386016 14
1769116713251 0.9748725418790969 15
1769116715417 0.9745083758193737 16
1769116717586 0.9745083758193737 17
1769116719704 0.9763292061179898 18
