1769116676768 1.803657201833503 0
1769116679377 1.1462096835291662 1
1769116681970 0.6800350020098131 2
1769116684445 0.4801384778909905 3
1769116686917 0.3700819337783858 4
1769116689420 0.3003698396821355 5
1769116691911 0.24007123847340428 6
1769116694395 0.22461328308942707 7
1769116696889 0.19521517046662265 8
1769116699390 0.16708304507787838 9
1769116701891 0.15994510357809621 10
1769116704500 0.13509527299293253 11
1769116706764 0.14532551983761233 12
1769116708941 0.14274546348078307 13
1769116711138 0.1095057868853558 14
1769116713251 0.08315893622158571 15
1769116715417 0.08748155814963718 16
1769116717586 0.08271748221717602 17
1769116719704 0.07706504743979421 18
