1769116756022 0.9883466860888566 0
1769116758189 0.9908958485069191 1
1769116760346 0.9927166788055353 2
1769116762453 0.9934450109249818 3
1769116764539 0.9941733430444283 4
1769116766676 0.992352512745812 5
1769116768784 0.9934450109249818 6
1769116770863 0.9927166788055353 7
1769116772966 0.9930808448652586 8
1769116775079 0.992352512745812 9
1769116777204 0.9949016751638747 10
1769116813834 0.9883466860888566 0
1769116815547 0.9887108521485798 1
1769116817267 0.9894391842680262 2
1769116818884 0.9919883466860888 3
1769116820537 0.992352512745812 4
1769116822255 0.992352512745812 5
1769116823891 0.9941733430444283 6
1769116825582 0.9949016751638747 7
1769116827190 0.9970866715222141 8
1769116828839 0.9959941733430444 9
1769116830422 0.9949016751638747 10
1769116831995 0.9941733430444283 11
1769116833593 0.9963583394027676 12
1769116835175 0.9956300072833212 13
1769116836768 0.9930808448652586 14
1769116838396 0.9963583394027676 15
1769116839943 0.9956300072833212 16
1769116841561 0.9938091769847051 17
1769116843147 0.9963583394027676 18
