1769116534908 0.30749063670411986 0
1769116537408 0.6273408239700374 1
1769116539885 0.7588014981273409 2
1769116542417 0.8382022471910112 3
1769116544994 0.8700374531835205 4
1769116547594 0.8846441947565543 5
1769116550156 0.9123595505617977 6
1769116552635 0.9134831460674158 7
1769116555029 0.9389513108614232 8
1769116557512 0.9352059925093633 9
1769116559874 0.9456928838951311 10
1769116562453 0.9554307116104869 11
1769116564902 0.9584269662921349 12
1769116567284 0.9595505617977528 13
1769116569687 0.9719101123595506 14
1769116572152 0.9602996254681648 15
1769116574719 0.9621722846441948 16
1769116577430 0.9749063670411985 17
1769116580173 0.9745318352059925 18
1769116582720 0.9749063670411985 19
1769116585108 0.9719101123595506 20
1769116587572 0.9704119850187266 21
1769116589998 0.9730337078651685 22
1769116592551 0.9820224719101124 23
1769116594982 0.9782771535580524 24
1769116597417 0.9842696629213483 25
1769116599770 0.9895131086142323 26
1769116602229 0.9801498127340824 27
1769116604707 0.9794007490636704 28
1769116607159 0.9827715355805243 29
1769116609594 0.9835205992509364 30
1769116611989 0.9857677902621723 31
1769116614385 0.9895131086142323 32
1769116616906 0.9883895131086142 33
1769116619416 0.9850187265917603 34
1769116621853 0.9868913857677902 35
1769116624204 0.9876404494382023 36
1769116626588 0.9891385767790262 37
1769116629017 0.9846441947565543 38
1769116631476 0.9906367041198502 39
1769116633875 0.9925093632958801 40
1769116636254 0.9917602996254682 41
1769116638643 0.9928838951310861 42
