1769116534908 1.8087563713391621 0
1769116537408 1.2404024600982666 1
1769116539885 0.7846370240052541 2
1769116542417 0.5255733856133052 3
1769116544994 0.41361562198116664 4
1769116547594 0.33297709978762124 5
1769116550156 0.267160296085335 6
1769116552635 0.25918107036323773 7
1769116555029 0.19778851011679285 8
1769116557512 0.18497066909358614 9
1769116559874 0.1821891504916407 10
1769116562453 0.14670322329870292 11
1769116564902 0.12751961703456582 12
1769116567284 0.11895679292224702 13
1769116569687 0.10359546400251843 14
1769116572152 0.12072802290675186 15
1769116574719 0.11707670906824726 16
1769116577430 0.08213925383807648 17
1769116580173 0.08331625482865743 18
1769116582720 0.07757244354468726 19
1769116585108 0.08081707832891316 20
1769116587572 0.08794271622207903 21
1769116589998 0.0805736297209348 22
1769116592551 0.0628443254113552 23
1769116594982 0.0683066555564957 24
1769116597417 0.04930997247408543 25
1769116599770 0.03934746653595496 26
1769116602229 0.05888726001250602 27
1769116604707 0.062392030465638355 28
1769116607159 0.05038224746073995 29
1769116609594 0.04812020147662787 30
1769116611989 0.04702900754775675 31
1769116614385 0.038406450379018985 32
1769116616906 0.0367979442789441 33
1769116619416 0.03925722221001273 34
1769116621853 0.04168144717723841 35
1769116624204 0.04175883673486255 36
1769116626588 0.03142583711693684 37
1769116629017 0.04687438682386918 38
1769116631476 0.03732902023919104 39
1769116633875 0.02641801011105556 40
1769116636254 0.027700726613624112 41
1769116638643 0.027485599552857735 42
