1769116756022 0.040818897227561754 0
1769116758189 0.030872977739416583 1
1769116760346 0.027598265136137258 2
1769116762453 0.02046416202819971 3
1769116764539 0.021456376384120693 4
1769116766676 0.023201456244731713 5
1769116768784 0.021133004303285203 6
1769116770863 0.02622598723161879 7
1769116772966 0.028394713153152965 8
1769116775079 0.02462903509826161 9
1769116777204 0.01626833770857301 10
1769116813834 0.03957156546760437 0
1769116815547 0.03269551682480892 1
1769116817267 0.028998888444242088 2
1769116818884 0.02422102696132348 3
1769116820537 0.024681289896888788 4
1769116822255 0.023281173818463157 5
1769116823891 0.024386155007537023 6
1769116825582 0.020853160945482032 7
1769116827190 0.01667933780591675 8
1769116828839 0.018295571088877527 9
1769116830422 0.018092957866746327 10
1769116831995 0.01780956217932493 11
1769116833593 0.015732931411760145 12
1769116835175 0.0179219834809733 13
1769116836768 0.021154234608158816 14
1769116838396 0.01523248601412444 15
1769116839943 0.018949956438222598 16
1769116841561 0.018934489647467988 17
1769116843147 0.014076872468861036 18
