1769002904861 0.3821969696969697 0
1769002921723 0.7181818181818181 1
1769002938685 0.809469696969697 2
1769002955514 0.8583333333333333 3
1769002972726 0.8821969696969697 4
1769002989834 0.9075757575757576 5
1769003006598 0.9166666666666666 6
1769003023348 0.9234848484848485 7
1769003040317 0.9409090909090909 8
1769003057052 0.9363636363636364 9
1769003073651 0.946969696969697 10
1769003090414 0.9454545454545454 11
1769003107138 0.9609848484848484 12
1769003123817 0.9522727272727273 13
1769003140391 0.9647727272727272 14
1769003156958 0.9670454545454545 15
1769003173574 0.9681818181818181 16
1769003190300 0.9693181818181819 17
1769003206914 0.9708333333333333 18
1769003223260 0.9696969696969697 19
1769003239700 0.9757575757575757 20
1769003256455 0.9712121212121212 21
1769003273418 0.9746212121212121 22
1769003290231 0.9795454545454545 23
1769003307117 0.978030303030303 24
1769003324768 0.9840909090909091 25
1769003341530 0.9742424242424242 26
1769003358274 0.9829545454545454 27
1769003375064 0.9784090909090909 28
1769003392172 0.9799242424242425 29
1769003408746 0.9863636363636363 30
1769003425652 0.9791666666666666 31
1769002904861 0.3821969696969697 0
1769002904861 0.3821969696969697 0
1769002904861 0.3821969696969697 0
