1769002904861 1.6673529449715672 0
1769002921723 0.9126112058938268 1
1769002938685 0.5788695208997612 2
1769002955514 0.4360381838787033 3
1769002972726 0.3620253318404577 4
1769002989834 0.2984461723321892 5
1769003006598 0.26185196135417527 6
1769003023348 0.238268789981144 7
1769003040317 0.19087683485753565 8
1769003057052 0.18390648080462432 9
1769003073651 0.15545532753668637 10
1769003090414 0.1581213489533907 11
1769003107138 0.12721454493521925 12
1769003123817 0.1445401625550655 13
1769003140391 0.12428211495953512 14
1769003156958 0.10016676718481334 15
1769003173574 0.10434161236577005 16
1769003190300 0.09066053033323891 17
1769003206914 0.09662757522751947 18
1769003223260 0.09772692883319883 19
1769003239700 0.07517189251438501 20
1769003256455 0.07729608694327075 21
1769003273418 0.07365284719874701 22
1769003290231 0.06667356774300696 23
1769003307117 0.06430019121841495 24
1769003324768 0.05695233765585595 25
1769003341530 0.07486260622313404 26
1769003358274 0.04858209698247802 27
1769003375064 0.06318288810932672 28
1769003392172 0.06656774694481528 29
1769003408746 0.05415411676695368 30
1769003425652 0.06364306272849081 31
1769002904861 1.6673529449715672 0
1769002904861 1.6673529449715672 0
1769002904861 1.6673529449715672 0
