1769003443994 0.9808963997060984 0
1769003461250 0.9823659074210139 1
1769003478380 0.9849375459221161 2
1769003495705 0.9823659074210139 3
1769003512842 0.9878765613519471 4
1769003530121 0.9919177075679647 5
1769003547374 0.9860396767083027 6
1769003564569 0.9900808229243203 7
1769003581875 0.9867744305657604 8
1769003599187 0.991182953710507 9
1769003616421 0.9937545922116091 10
1769003633524 0.988243938280676 11
1769003650697 0.988243938280676 12
1769003668244 0.9867744305657604 13
1769003685318 0.9908155767817781 14
1769003702378 0.991182953710507 15
1769003443994 0.9808963997060984 0
