1769003443994 0.0647767233001718 0
1769003461250 0.06279095731469868 1
1769003478380 0.08080202074407405 2
1769003495705 0.05858058538179585 3
1769003512842 0.04018815763316355 4
1769003530121 0.03663975933328444 5
1769003547374 0.06529246600680487 6
1769003564569 0.04225491194682585 7
1769003581875 0.06123171434575302 8
1769003599187 0.03339183773184845 9
1769003616421 0.057928602879888616 10
1769003633524 0.034136663353460474 11
1769003650697 0.05609049131758078 12
1769003668244 0.07525899320662152 13
1769003685318 0.07210882337422782 14
1769003702378 0.03224087620240658 15
1769003443994 0.0647767233001718 0
