1768955526512 0.34390591589451175 0
1768955545869 0.6297220242337848 1
1768955564982 0.7508909479686386 2
1768955585722 0.8161083392729864 3
1768955606730 0.8510334996436208 4
1768955626384 0.8759800427655025 5
1768955645736 0.894511760513186 6
1768955664502 0.9148253741981468 7
1768955682946 0.9126870990734142 8
1768955701923 0.9255167498218104 9
1768955721072 0.9297933000712758 10
1768955740071 0.9415538132573058 11
1768955758548 0.9483250178189594 12
1768955777550 0.9522451888809693 13
1768955796294 0.9526015680684248 14
1768955815348 0.9597291518175338 15
1768955833921 0.9665003563791874 16
1768955852594 0.9640057020669993 17
1768955871314 0.9668567355666429 18
1768955890450 0.9711332858161084 19
1768955909306 0.9689950106913756 20
1768955928174 0.9722024233784747 21
1768955526512 0.34390591589451175 0
1768955526512 0.34390591589451175 0
1768955526512 0.34390591589451175 0
