1768955526512 2.136805399575017 0
1768955545869 1.067414995960214 1
1768955564982 0.7301760654557835 2
1768955585722 0.5474020803177898 3
1768955606730 0.4450601917606863 4
1768955626384 0.34270491383292456 5
1768955645736 0.30425107665359974 6
1768955664502 0.24826074747199361 7
1768955682946 0.2597940943669528 8
1768955701923 0.22011291394433516 9
1768955721072 0.2030867932533676 10
1768955740071 0.17782920110039413 11
1768955758548 0.15469640819355845 12
1768955777550 0.1334488311761313 13
1768955796294 0.1303743710953065 14
1768955815348 0.11783037227790126 15
1768955833921 0.1102566817743619 16
1768955852594 0.10898231439800425 17
1768955871314 0.10241394870999185 18
1768955890450 0.08905959623040292 19
1768955909306 0.08908282642369159 20
1768955928174 0.07882841119796714 21
1768955526512 2.136805399575017 0
1768955526512 2.136805399575017 0
1768955526512 2.136805399575017 0
