1768987556629 1.6313827052173844 0
1768987598013 0.8618277849921261 1
1768987639456 0.5663417513111988 2
1768987680979 0.3910137650119253 3
1768987720383 0.3595709345606436 4
1768987764523 0.2821247828114464 5
1768987805172 0.2564090712960944 6
1768987847167 0.20038870713078832 7
1768987887320 0.2014330813593893 8
1768987928201 0.17516865442136684 9
1768987967595 0.1415294388825276 10
1768988007170 0.14588808710406342 11
1768988048341 0.13026446564100594 12
1768988087449 0.11864620346172028 13
1768988128232 0.11331877803587052 14
1768988167690 0.1044733341424221 15
1768988208710 0.08904081660446274 16
1768988249610 0.09679439987044737 17
1768988289743 0.08694528430386121 18
1768988329727 0.08152370270992439 19
1768988370089 0.07495869770758302 20
1768988410461 0.055820096856409526 21
1768988450058 0.06047397322604904 22
1768988491180 0.05904852487259062 23
1768987556629 1.6313827052173844 0
1768987556629 1.6313827052173844 0
1768987556629 1.6313827052173844 0
