1768988535113 0.13848994210968876 0
1768988576202 0.103475839863423 1
1768988617667 0.09522741303107767 2
1768988658949 0.08095567730840209 3
1768988702252 0.07598243352718824 4
1768988744121 0.06110836662958528 5
1768988785703 0.08159110542430087 6
1768988826533 0.07738957211353578 7
1768988868280 0.08394599286297899 8
1768988909503 0.06822913670695799 9
1768988952795 0.07346973464239476 10
1768988994292 0.057382540576982985 11
1768989037508 0.07274903541669077 12
1768988535113 0.13848994210968876 0
