1768987556629 0.4049056603773585 0
1768987598013 0.7150943396226415 1
1768987639456 0.8211320754716981 2
1768987680979 0.8735849056603774 3
1768987720383 0.8818867924528302 4
1768987764523 0.9154716981132075 5
1768987805172 0.9184905660377358 6
1768987847167 0.9366037735849057 7
1768987887320 0.9328301886792453 8
1768987928201 0.9373584905660377 9
1768987967595 0.9528301886792453 10
1768988007170 0.9513207547169812 11
1768988048341 0.9539622641509434 12
1768988087449 0.9569811320754718 13
1768988128232 0.9641509433962264 14
1768988167690 0.9633962264150944 15
1768988208710 0.9709433962264151 16
1768988249610 0.9671698113207547 17
1768988289743 0.9675471698113207 18
1768988329727 0.9735849056603774 19
1768988370089 0.9777358490566038 20
1768988410461 0.9833962264150944 21
1768988450058 0.979622641509434 22
1768988491180 0.9815094339622642 23
1768987556629 0.4049056603773585 0
1768987556629 0.4049056603773585 0
1768987556629 0.4049056603773585 0
