1769113718476 1.7829792832219324 0
1769113721045 1.143714778645094 1
1769113723599 0.716336284959039 2
1769113726031 0.4862516189730445 3
1769113728500 0.36996937144634334 4
1769113730949 0.31865112587463024 5
1769113733540 0.26013151157734005 6
1769113736086 0.2407346073278161 7
1769113738598 0.2000709427304046 8
1769113741069 0.1753374845829121 9
1769113743567 0.1572137561648391 10
1769113746012 0.11365772619150406 11
1769113748546 0.12984969475588135 12
1769113751050 0.12332190291652846 13
1769113753602 0.09593979442535444 14
1769113756232 0.09391633841360725 15
1769113758677 0.08303338042352089 16
1769113761219 0.10181533345995947 17
1769113763738 0.09683592777785867 18
1769113766270 0.08612469167903412 19
1769113768725 0.0793250760193481 20
1769113771264 0.057494999645927615 21
1769113773665 0.055228346980415115 22
1769113776106 0.04766398624971856 23
1769113778620 0.05846513638836007 24
1769113781226 0.062453514322378605 25
1769113783702 0.051294679190357066 26
1769113786251 0.061300152425415984 27
1769113788713 0.057321190270920135 28
1769113791241 0.04464203783116022 29
1769113793716 0.04717677461286617 30
1769113796248 0.03891958720808805 31
1769113798760 0.03886997870840998 32
1769113801247 0.035902279093428406 33
1769113803725 0.029997640820003526 34
1769113806238 0.0516371107660234 35
1769113808751 0.038381344032322254 36
1769113811319 0.03609813247850641 37
1769113813861 0.0430498038483567 38
1769113816380 0.04257508691638535 39
1769113818849 0.03265052971018608 40
1769113821364 0.03574279039491748 41
1769113823794 0.04141726870587919 42
1769113826383 0.04164150384861196 43
1769113828808 0.043708726612114626 44
1769113831306 0.0404260374746437 45
1769113833811 0.030798630658970323 46
1769113836244 0.03055136557126981 47
1769113838803 0.024205236181313563 48
1769113841365 0.017098761732191887 49
