1769113718476 0.32787481804949054 0
1769113721045 0.6397379912663755 1
1769113723599 0.774745269286754 2
1769113726031 0.8438864628820961 3
1769113728500 0.8820960698689956 4
1769113730949 0.9002911208151383 5
1769113733540 0.9152110625909753 6
1769113736086 0.9195778748180495 7
1769113738598 0.9355895196506551 8
1769113741069 0.9414119359534207 9
1769113743567 0.9483260553129549 10
1769113746012 0.9647016011644832 11
1769113748546 0.9581513828238719 12
1769113751050 0.9588791848617176 13
1769113753602 0.9672489082969432 14
1769113756232 0.9705240174672489 15
1769113758677 0.9716157205240175 16
1769113761219 0.9661572052401747 17
1769113763738 0.9719796215429404 18
1769113766270 0.9730713245997089 19
1769113768725 0.9716157205240175 20
1769113771264 0.9810771470160117 21
1769113773665 0.9792576419213974 22
1769113776106 0.9854439592430859 23
1769113778620 0.982532751091703 24
1769113781226 0.9799854439592431 25
1769113783702 0.9854439592430859 26
1769113786251 0.9836244541484717 27
1769113788713 0.9799854439592431 28
1769113791241 0.985080058224163 29
1769113793716 0.9836244541484717 30
1769113796248 0.9883551673944687 31
1769113798760 0.9858078602620087 32
1769113801247 0.987627365356623 33
1769113803725 0.9894468704512372 34
1769113806238 0.9828966521106259 35
1769113808751 0.9861717612809315 36
1769113811319 0.9890829694323144 37
1769113813861 0.9872634643377002 38
1769113816380 0.9854439592430859 39
1769113818849 0.9887190684133915 40
1769113821364 0.9890829694323144 41
1769113823794 0.9854439592430859 42
1769113826383 0.9879912663755459 43
1769113828808 0.9854439592430859 44
1769113831306 0.987627365356623 45
1769113833811 0.99235807860262 46
1769113836244 0.9905385735080058 47
1769113838803 0.9941775836972343 48
1769113841365 0.9941775836972343 49
