1769113878806 0.16511691950781401 0
1769113881531 0.1571997866727585 1
1769113884217 0.13378980955065684 2
1769113886767 0.13732655311739722 3
1769113889270 0.12529475675072782 4
1769113891848 0.12334175139319065 5
1769113894351 0.11211199525657088 6
1769113896855 0.10602049416927405 7
1769113899275 0.11471818526123845 8
1769113901863 0.10052568300865418 9
1769113904461 0.10910753342647884 10
1769113907021 0.10529785352044327 11
1769113909730 0.09951574745219807 12
1769113912318 0.09677534195226292 13
1769113914770 0.09058713037953821 14
1769113917387 0.08015259836128978 15
1769113920031 0.08267968533517317 16
1769113922768 0.09377155847154385 17
1769113925510 0.08517917596496814 18
1769113928126 0.09795109017990357 19
1769113930798 0.08003859520824842 20
1769113933540 0.08444507420063019 21
1769113970610 0.1655315028200316 0
1769113973135 0.1459975108331026 1
1769113975793 0.13576001154128894 2
1769113978255 0.13150393443052158 3
1769113981657 0.13776490698720134 4
1769113984403 0.12032274754587995 5
1769113986869 0.10910759043208389 6
1769113988981 0.11395658994483393 7
1769113991160 0.11117182957918145 8
1769113993293 0.10497431682292806 9
1769113995307 0.09703033642713414 10
1769113997321 0.09554622976412606 11
1769113999248 0.1035943477696111 12
