1769113878806 0.9519650655021834 0
1769113881531 0.9516011644832606 1
1769113884217 0.9599708879184862 2
1769113886767 0.9574235807860262 3
1769113889270 0.960334788937409 4
1769113891848 0.962882096069869 5
1769113894351 0.9665211062590975 6
1769113896855 0.9690684133915575 7
1769113899275 0.9639737991266376 8
1769113901863 0.9723435225618632 9
1769113904461 0.9650655021834061 10
1769113907021 0.9705240174672489 11
1769113909730 0.9694323144104804 12
1769113912318 0.9683406113537117 13
1769113914770 0.9737991266375546 14
1769113917387 0.9745269286754003 15
1769113920031 0.9723435225618632 16
1769113922768 0.972707423580786 17
1769113925510 0.975254730713246 18
1769113928126 0.9705240174672489 19
1769113930798 0.9756186317321689 20
1769113933540 0.9730713245997089 21
1769113970610 0.9526928675400291 0
1769113973135 0.9581513828238719 1
1769113975793 0.9574235807860262 2
1769113978255 0.9588791848617176 3
1769113981657 0.9577874818049491 4
1769113984403 0.962882096069869 5
1769113986869 0.9661572052401747 6
1769113988981 0.9647016011644832 7
1769113991160 0.9632459970887919 8
1769113993293 0.9639737991266376 9
1769113995307 0.9741630276564774 10
1769113997321 0.9705240174672489 11
1769113999248 0.970160116448326 12
