1769113634035 0.3375558867362146 0
1769113636594 0.6400894187779433 1
1769113639215 0.7790611028315947 2
1769113641693 0.842026825633383 3
1769113644055 0.8822652757078987 4
1769113646543 0.8990312965722802 5
1769113649021 0.9157973174366617 6
1769113651424 0.9351713859910581 7
1769113653857 0.9336810730253353 8
1769113656205 0.9459761549925484 9
1769113658653 0.9560357675111774 10
1769113661028 0.9500745156482862 11
1769113663406 0.952682563338301 12
1769113665734 0.9675856929955291 13
1769113668103 0.9675856929955291 14
1769113670630 0.9634873323397913 15
1769113673013 0.9757824143070045 16
1769113675376 0.9653502235469449 17
1769113677885 0.9709388971684053 18
1769113680374 0.9750372578241431 19
