1769113634035 1.7653762669790358 0
1769113636594 1.1726307769616444 1
1769113639215 0.7105500023989451 2
1769113641693 0.4957487419957206 3
1769113644055 0.38267383937324795 4
1769113646543 0.3205104881808871 5
1769113649021 0.25230746538866133 6
1769113651424 0.21604381395237787 7
1769113653857 0.20099456413161187 8
1769113656205 0.16718862631491252 9
1769113658653 0.14040924360354742 10
1769113661028 0.15531904720479534 11
1769113663406 0.13699657736080034 12
1769113665734 0.11249570530794915 13
1769113668103 0.11106393140341554 14
1769113670630 0.11849732612747521 15
1769113673013 0.08253390204516195 16
1769113675376 0.09482523741289264 17
1769113677885 0.09157823953067973 18
1769113680374 0.08041164243505114 19
