1769110512457 1.75227559998978 0
1769110514605 1.105971192204675 1
1769110516793 0.6807034175063289 2
1769110518948 0.4936112685258998 3
1769110521138 0.38959508129330567 4
1769110523349 0.3142926710289578 5
1769110525500 0.26903065016796424 6
1769110527672 0.227250091558279 7
1769110529784 0.19675530302663183 8
1769110531888 0.18581110724183017 9
1769110534025 0.15571842741134556 10
1769110536131 0.14055592150882232 11
1769110538284 0.11679623509908832 12
1769110540513 0.1174056408710258 13
1769110543109 0.12899573251258495 14
1769110545606 0.10874231939398965 15
1769110548068 0.08526934185173622 16
1769110550501 0.0861174288357413 17
1769110552984 0.07249391371340946 18
1769110555406 0.06390960852420607 19
1769110557898 0.06941896657524414 20
1769110560577 0.06599495585921199 21
1769110563068 0.07379831423506487 22
1769110565439 0.08829737528292246 23
1769110567941 0.06315116049331981 24
1769110570293 0.05028035555598001 25
1769110572704 0.058462618222070294 26
1769110575337 0.057804772738627226 27
1769110577752 0.06762392086864905 28
1769110580204 0.05277108569997688 29
1769110582771 0.05294801428004406 30
1769110585213 0.051289774390847184 31
1769110587696 0.037850752776098805 32
1769110590182 0.041598686991735946 33
1769110592627 0.03837158719380928 34
1769110595061 0.04210334708697574 35
1769110597549 0.03349631933798624 36
