1769110512457 0.3532448377581121 0
1769110514605 0.6721976401179941 1
1769110516793 0.7783923303834809 2
1769110518948 0.8451327433628318 3
1769110521138 0.879424778761062 4
1769110523349 0.9011799410029498 5
1769110525500 0.9092920353982301 6
1769110527672 0.9280973451327433 7
1769110529784 0.9328908554572272 8
1769110531888 0.9402654867256637 9
1769110534025 0.9457964601769911 10
1769110536131 0.9550147492625368 11
1769110538284 0.9631268436578171 12
1769110540513 0.9605457227138643 13
1769110543109 0.9520648967551623 14
1769110545606 0.967551622418879 15
1769110548068 0.9749262536873157 16
1769110550501 0.9716076696165191 17
1769110552984 0.9760324483775811 18
1769110555406 0.9797197640117994 19
1769110557898 0.9782448377581121 20
1769110560577 0.976401179941003 21
1769110563068 0.9782448377581121 22
1769110565439 0.9708702064896755 23
1769110567941 0.9782448377581121 24
1769110570293 0.9856194690265486 25
1769110572704 0.9789823008849557 26
1769110575337 0.9819321533923304 27
1769110577752 0.9771386430678466 28
1769110580204 0.9856194690265486 29
1769110582771 0.9834070796460177 30
1769110585213 0.9834070796460177 31
1769110587696 0.9867256637168141 32
1769110590182 0.9889380530973452 33
1769110592627 0.9893067846607669 34
1769110595061 0.9878318584070797 35
1769110597549 0.9893067846607669 36
