1769110634833 0.9730825958702065 0
1769110637319 0.9793510324483776 1
1769110639642 0.9775073746312685 2
1769110642112 0.9793510324483776 3
1769110644467 0.9823008849557522 4
1769110646832 0.9797197640117994 5
1769110649277 0.9819321533923304 6
1769110651690 0.9823008849557522 7
1769110654051 0.9841445427728613 8
1769110656512 0.9859882005899705 9
1769110658992 0.9845132743362832 10
1769110696186 0.9752949852507374 0
1769110698184 0.9760324483775811 1
1769110700191 0.9738200589970502 2
1769110702219 0.9819321533923304 3
1769110704160 0.9782448377581121 4
1769110706105 0.9786135693215339 5
1769110708092 0.9808259587020649 6
1769110710006 0.9826696165191741 7
1769110711954 0.9815634218289085 8
1769110713923 0.9823008849557522 9
1769110715871 0.9852507374631269 10
