1769110634833 0.0942968794599522 0
1769110637319 0.08508626336968222 1
1769110639642 0.08113145689631618 2
1769110642112 0.0705961131295839 3
1769110644467 0.06286534602039082 4
1769110646832 0.0688484356803603 5
1769110649277 0.06544086986849475 6
1769110651690 0.06252437747668388 7
1769110654051 0.06144856299858454 8
1769110656512 0.0568179763463694 9
1769110658992 0.05313266237634559 10
1769110696186 0.09358467724780704 0
1769110698184 0.0898579929543789 1
1769110700191 0.08148178575170595 2
1769110702219 0.06658473359637482 3
1769110704160 0.07430037513895091 4
1769110706105 0.0692596397644212 5
1769110708092 0.06472662288349035 6
1769110710006 0.06435237729618716 7
1769110711954 0.06362225860357285 8
1769110713923 0.05892661945937678 9
1769110715871 0.059559441864663776 10
