1769110421632 0.33839150227617604 0
1769110423713 0.6638846737481032 1
1769110425789 0.7693474962063733 2
1769110427841 0.8368740515933232 3
1769110429974 0.8694992412746586 4
1769110432046 0.8952959028831563 5
1769110434117 0.9207132018209409 6
1769110436170 0.917298937784522 7
1769110438204 0.9301972685887708 8
1769110440314 0.9366464339908953 9
1769110442342 0.9430955993930197 10
1769110444370 0.9491654021244309 11
1769110446374 0.9559939301972686 12
1769110448414 0.9590288315629742 13
1769110450520 0.9628224582701063 14
1769110452634 0.9707890743550834 15
1769110454655 0.9669954476479514 16
1769110456771 0.9669954476479514 17
1769110458821 0.9742033383915023 18
1769110460915 0.9654779969650986 19
1769110462982 0.9776176024279211 20
1769110465046 0.9768588770864947 21
1769110467121 0.9821699544764795 22
1769110469163 0.9666160849772383 23
1769110471186 0.9795144157814871 24
1769110473319 0.9791350531107739 25
1769110475341 0.9844461305007587 26
