1769110421632 1.770961480481284 0
1769110423713 1.1870959443705422 1
1769110425789 0.7407426450933728 2
1769110427841 0.5221522322722844 3
1769110429974 0.40195235432613463 4
1769110432046 0.3388932127328146 5
1769110434117 0.2717670945539361 6
1769110436170 0.2630730132971491 7
1769110438204 0.21731204858848027 8
1769110440314 0.1951738072647935 9
1769110442342 0.1904561429151467 10
1769110444370 0.15720578744297936 11
1769110446374 0.13667177045274348 12
1769110448414 0.12921662415776933 13
1769110450520 0.10702071525156498 14
1769110452634 0.1016183802857995 15
1769110454655 0.10373033747254383 16
1769110456771 0.09870450101083234 17
1769110458821 0.09138793050355855 18
1769110460915 0.09258925608758416 19
1769110462982 0.06782130464645368 20
1769110465046 0.06833645621580738 21
1769110467121 0.0617391785296301 22
1769110469163 0.09424916557258084 23
1769110471186 0.060931532843304534 24
1769110473319 0.0625105347218258 25
1769110475341 0.04408214489618937 26
