1769109198926 1.7649907622226448 0
1769109201474 1.1274531733158022 1
1769109203903 0.6913704650346623 2
1769109206428 0.4999880395656408 3
1769109208915 0.38350759273351626 4
1769109211451 0.29403719409953716 5
1769109214060 0.2651887948429862 6
1769109216568 0.22933911029682602 7
1769109218972 0.21610624239195225 8
1769109221453 0.18586487929488338 9
1769109223799 0.15134798527456994 10
1769109226169 0.13790881694402807 11
1769109228698 0.14157713984334191 12
1769109231381 0.13014964716032493 13
1769109233875 0.09876202514698339 14
1769109236381 0.09176200288239607 15
1769109238927 0.09076807931672003 16
1769109241416 0.08097382491930973 17
1769109243860 0.09641633602942146 18
1769109246348 0.08264804427880187 19
1769109248810 0.08915888440123824 20
1769109251382 0.08741603410521219 21
1769109253841 0.06642333937938823 22
1769109256335 0.06057987162886664 23
