1769109198926 0.3268238761974945 0
1769109201474 0.6654384672070744 1
1769109203903 0.7741341193809874 2
1769109206428 0.8375092114959469 3
1769109208915 0.8773028739867355 4
1769109211451 0.9089904200442152 5
1769109214060 0.9178334561532793 6
1769109216568 0.9329403095062638 7
1769109218972 0.9274134119380988 8
1769109221453 0.9425202652910832 9
1769109223799 0.9480471628592484 10
1769109226169 0.9521002210759028 11
1769109228698 0.9535740604274134 12
1769109231381 0.9565217391304348 13
1769109233875 0.9679439941046426 14
1769109236381 0.9686809137803979 15
1769109238927 0.9701547531319086 16
1769109241416 0.975313190862196 17
1769109243860 0.9668386145910096 18
1769109246348 0.9734708916728076 19
1769109248810 0.9727339719970524 20
1769109251382 0.970891672807664 21
1769109253841 0.9793662490788504 22
1769109256335 0.9812085482682388 23
