1769109103331 1.778982849348159 0
1769109105837 1.1419701363359178 1
1769109108205 0.7030563106139501 2
1769109110617 0.49872107094242457 3
1769109113098 0.382850957768304 4
1769109115560 0.31257076064745587 5
1769109118001 0.26591789154779344 6
1769109120362 0.24355180614760943 7
1769109122782 0.21774371269912945 8
1769109125143 0.17766391743151916 9
1769109127518 0.13595755504710333 10
1769109129918 0.14376077685682548 11
1769109132375 0.13719248266092368 12
1769109134756 0.13047773328920206 13
1769109137050 0.12075308710336685 14
1769109139446 0.1047751484438777 15
1769109141866 0.09037649857678584 16
1769109144225 0.08496329081909997 17
1769109146587 0.08207537149566979 18
1769109148954 0.08300032887962602 19
1769109151264 0.081885083068517 20
1769109153643 0.0695818589246344 21
1769109156013 0.06941338295915297 22
1769109158385 0.05267611264605962 23
1769109160740 0.0758606459546302 24
