1769109103331 0.3215909090909091 0
1769109105837 0.6659090909090909 1
1769109108205 0.7715909090909091 2
1769109110617 0.8386363636363636 3
1769109113098 0.8787878787878788 4
1769109115560 0.8992424242424243 5
1769109118001 0.9196969696969697 6
1769109120362 0.9268939393939394 7
1769109122782 0.9337121212121212 8
1769109125143 0.9454545454545454 9
1769109127518 0.9587121212121212 10
1769109129918 0.9545454545454546 11
1769109132375 0.9522727272727273 12
1769109134756 0.9598484848484848 13
1769109137050 0.9643939393939394 14
1769109139446 0.9609848484848484 15
1769109141866 0.9727272727272728 16
1769109144225 0.9715909090909091 17
1769109146587 0.9738636363636364 18
1769109148954 0.9806818181818182 19
1769109151264 0.9761363636363637 20
1769109153643 0.9742424242424242 21
1769109156013 0.9765151515151516 22
1769109158385 0.9837121212121213 23
1769109160740 0.9806818181818182 24
