1769109293821 0.9771554900515844 0
1769109296380 0.975313190862196 1
1769109298904 0.9771554900515844 2
1769109301376 0.9793662490788504 3
1769109303834 0.9778924097273397 4
1769109306410 0.9804716285924834 5
1769109308896 0.9845246868091379 6
1769109311376 0.9815770081061165 7
1769109313779 0.9786293294030951 8
1769109316247 0.9837877671333825 9
1769109318630 0.9830508474576272 10
1769109321094 0.9826823876197495 11
1769109359303 0.9749447310243183 0
1769109361409 0.9723655121591747 1
1769109363320 0.975313190862196 2
1769109365229 0.9812085482682388 3
1769109367234 0.9804716285924834 4
1769109369229 0.9771554900515844 5
1769109371249 0.9823139277818718 6
1769109373159 0.9852616064848931 7
1769109375070 0.9797347089167281 8
1769109377070 0.9841562269712602 9
1769109379054 0.9863669859985261 10
1769109380982 0.9830508474576272 11
1769109382895 0.9834193072955048 12
1769109384810 0.9874723655121592 13
1769109386693 0.9863669859985261 14
