1769109293821 0.08832058310508728 0
1769109296380 0.08038680718908477 1
1769109298904 0.0780744175751542 2
1769109301376 0.07100718587550313 3
1769109303834 0.06918086824115625 4
1769109306410 0.0710296623495429 5
1769109308896 0.05637802426205125 6
1769109311376 0.06464793821147015 7
1769109313779 0.06455369453963845 8
1769109316247 0.057368668272744776 9
1769109318630 0.061178684061349825 10
1769109321094 0.05819634582067645 11
1769109359303 0.09203048700163531 0
1769109361409 0.08943455189813015 1
1769109363320 0.07980301776944204 2
1769109365229 0.06903716497296511 3
1769109367234 0.06404601810716612 4
1769109369229 0.0748538443775371 5
1769109371249 0.06187246484292108 6
1769109373159 0.06502853407589503 7
1769109375070 0.06658328870354696 8
1769109377070 0.05916824105174043 9
1769109379054 0.05400344826887513 10
1769109380982 0.059434196890093556 11
1769109382895 0.0577892511216707 12
1769109384810 0.05117433492180913 13
1769109386693 0.0520291161008699 14
