1769104957159 0.3435916002896452 0
1769104959706 0.665097755249819 1
1769104962321 0.7845763939174512 2
1769104964904 0.8396089790007241 3
1769104967533 0.8772628530050688 4
1769104969963 0.9065894279507604 5
1769104972577 0.9156408399710355 6
1769104975123 0.9203475742215785 7
1769104977661 0.9359160028964518 8
1769104980142 0.940260680666184 9
1769104982716 0.9514844315713251 10
1769104985231 0.9518464880521361 11
1769104987694 0.9630702389572773 12
1769104990213 0.9605358435916003 13
1769104992848 0.9659666908037654 14
1769104995456 0.9580014482259233 15
1769104997995 0.9663287472845764 16
1769105000524 0.9750181028240406 17
1769105003059 0.9804489500362057 18
1769105005594 0.9739319333816076 19
1769105008066 0.9717595944967415 20
1769105010686 0.9768283852280956 21
1769105013380 0.9808110065170167 22
1769105015975 0.9818971759594497 23
1769105018646 0.9634322954380884 24
1769105021166 0.9797248370745837 25
1769105023790 0.9790007241129616 26
1769105026237 0.9818971759594497 27
1769105028840 0.9847936278059377 28
1769105031529 0.9837074583635047 29
1769105034219 0.9858797972483707 30
1769105036881 0.9855177407675597 31
1769105039557 0.9884141926140478 32
1769105042119 0.9884141926140478 33
