1769104957159 1.7619487670334903 0
1769104959706 1.108051602136005 1
1769104962321 0.6718335490335118 2
1769104964904 0.48163994977420027 3
1769104967533 0.3941167951984839 4
1769104969963 0.2965365367179567 5
1769104972577 0.26055752469057386 6
1769104975123 0.23514923402531582 7
1769104977661 0.20371087005531247 8
1769104980142 0.17951760136268355 9
1769104982716 0.15032986441457813 10
1769104985231 0.14268501907248388 11
1769104987694 0.11845048237591982 12
1769104990213 0.12177153583616018 13
1769104992848 0.11589994294230234 14
1769104995456 0.11683601733635772 15
1769104997995 0.09995075073939833 16
1769105000524 0.08435023156926036 17
1769105003059 0.06412303498522802 18
1769105005594 0.0852395740591667 19
1769105008066 0.09377015335485339 20
1769105010686 0.08685293891043826 21
1769105013380 0.0507658145242286 22
1769105015975 0.08759015995416451 23
1769105018646 0.11000117371705445 24
1769105021166 0.06644191453233361 25
1769105023790 0.06279054104181175 26
1769105026237 0.05591842157512226 27
1769105028840 0.048300890273160556 28
1769105031529 0.05428834889211099 29
1769105034219 0.054342763096263465 30
1769105036881 0.04323038245043294 31
1769105039557 0.03663897584192455 32
1769105042119 0.03975469285664572 33
