1769104824436 1.7607118913105555 0
1769104827260 1.1032638265973045 1
1769104829747 0.6907139129581905 2
1769104832145 0.4846412255650475 3
1769104834537 0.3692952327075459 4
1769104836967 0.29602339544466566 5
1769104839287 0.25391893017859685 6
1769104841738 0.195002078832615 7
1769104844105 0.20262465856614567 8
1769104846429 0.16285562763611475 9
1769104848749 0.1430845633149147 10
1769104851120 0.13315257518773987 11
1769104853493 0.10426779552584603 12
1769104855838 0.11287954888705697 13
1769104858449 0.09012326034939006 14
1769104861143 0.086057026249667 15
1769104863524 0.08074286145468552 16
1769104865910 0.07036112820995706 17
1769104868257 0.06681083564070009 18
1769104870551 0.07190362826388862 19
1769104872833 0.06448126595378631 20
1769104875274 0.06041685950809291 21
1769104877645 0.0562791622332519 22
1769104880037 0.05025086046329567 23
1769104882554 0.04963793728633651 24
1769104884963 0.04141285658503572 25
1769104887348 0.06365719147115237 26
1769104889667 0.05644407681012083 27
1769104892119 0.04654045740053767 28
1769104894443 0.04188473034827482 29
1769104896900 0.05149566323407704 30
