1769104824436 0.3435399551904406 0
1769104827260 0.678117998506348 1
1769104829747 0.777445855115758 2
1769104832145 0.8383121732636296 3
1769104834537 0.8805078416728902 4
1769104836967 0.9032860343539956 5
1769104839287 0.9189693801344286 6
1769104841738 0.9361463778939507 7
1769104844105 0.9268110530246453 8
1769104846429 0.9462285287528006 9
1769104848749 0.9518297236743839 10
1769104851120 0.9551904406273338 11
1769104853493 0.9645257654966393 12
1769104855838 0.9626587005227782 13
1769104858449 0.9716206123973115 14
1769104861143 0.9701269604182226 15
1769104863524 0.9757281553398058 16
1769104865910 0.9787154592979835 17
1769104868257 0.9764749813293503 18
1769104870551 0.9746079163554892 19
1769104872833 0.977595220313667 20
1769104875274 0.9813293502613891 21
1769104877645 0.9839432412247946 22
1769104880037 0.9835698282300224 23
1769104882554 0.9873039581777446 24
1769104884963 0.9873039581777446 25
1769104887348 0.9802091112770724 26
1769104889667 0.9790888722927558 27
1769104892119 0.9820761762509336 28
1769104894443 0.9858103061986557 29
1769104896900 0.9843166542195668 30
