1769105079712 0.08610872310501608 0
1769105082248 0.06382434188642284 1
1769105084801 0.0565114988818426 2
1769105087334 0.06291620797392997 3
1769105089800 0.048063243104314264 4
1769105092210 0.04512724978849292 5
1769105094735 0.049303505241616884 6
1769105097177 0.06923205238258974 7
1769105099680 0.043297749626534904 8
1769105102159 0.034518524231812495 9
1769105104556 0.03746298245492984 10
1769105106959 0.042938693881627514 11
1769105109443 0.04072558998384259 12
1769105147090 0.06792361544318158 0
1769105149087 0.07179324595596302 1
1769105151099 0.06005400825630535 2
1769105153063 0.05166108026804233 3
1769105154988 0.05290080901150676 4
1769105156998 0.041162891408682546 5
1769105158941 0.04644296705638143 6
1769105160946 0.03557687839069827 7
1769105162787 0.0442279127151282 8
1769105164766 0.044979244893924755 9
1769105166696 0.03763105720281601 10
1769105168662 0.04361872048519382 11
1769105170609 0.04341498100918464 12
