1769105079712 0.9732078204199855 0
1769105082248 0.9811730629978277 1
1769105084801 0.9851556842867487 2
1769105087334 0.9822592324402607 3
1769105089800 0.9851556842867487 4
1769105092210 0.9873280231716147 5
1769105094735 0.9866039102099927 6
1769105097177 0.9884141926140478 7
1769105099680 0.9862418537291817 8
1769105102159 0.9913106444605359 9
1769105104556 0.9902244750181028 10
1769105106959 0.9884141926140478 11
1769105109443 0.9905865314989138 12
1769105147090 0.9826212889210717 0
1769105149087 0.9790007241129616 1
1769105151099 0.9829833454018827 2
1769105153063 0.9862418537291817 3
1769105154988 0.9847936278059377 4
1769105156998 0.9876900796524257 5
1769105158941 0.9866039102099927 6
1769105160946 0.9927588703837799 7
1769105162787 0.9876900796524257 8
1769105164766 0.9866039102099927 9
1769105166696 0.9895003620564808 10
1769105168662 0.9858797972483707 11
1769105170609 0.9873280231716147 12
