1769114955429 1.7479964134305022 0
1769114958121 1.080391989197842 1
1769114960783 0.6686886008395705 2
1769114963322 0.474377149759337 3
1769114965746 0.3636898003345312 4
1769114968175 0.29792669692704843 5
1769114970631 0.2806851929703424 6
1769114973153 0.21375247680170592 7
1769114975725 0.1768563410570455 8
1769114978235 0.169522964503876 9
1769114980894 0.14360593917757966 10
1769114983274 0.15317712576929912 11
1769114985804 0.14069158601206402 12
1769114988218 0.1229747467089531 13
1769114990651 0.09858161895427593 14
1769114993268 0.08982431420753169 15
1769114995992 0.09662341569052187 16
1769114998449 0.08821071138562159 17
