1769114955429 0.380466472303207 0
1769114958121 0.6690962099125365 1
1769114960783 0.7879008746355685 2
1769114963322 0.8458454810495627 3
1769114965746 0.8797376093294461 4
1769114968175 0.9067055393586005 5
1769114970631 0.9118075801749271 6
1769114973153 0.9333090379008746 7
1769114975725 0.9435131195335277 8
1769114978235 0.9486151603498543 9
1769114980894 0.9540816326530612 10
1769114983274 0.9573615160349854 11
1769114985804 0.9526239067055393 12
1769114988218 0.9584548104956269 13
1769114990651 0.9682944606413995 14
1769114993268 0.9715743440233237 15
1769114995992 0.9697521865889213 16
1769114998449 0.9737609329446064 17
