1769114820663 0.3160660660660661 0
1769114823412 0.6418918918918919 1
1769114825912 0.7777777777777778 2
1769114828347 0.8412162162162162 3
1769114830849 0.871996996996997 4
1769114833267 0.8892642642642643 5
1769114835725 0.9241741741741741 6
1769114838087 0.9346846846846847 7
1769114840504 0.9361861861861862 8
1769114842896 0.9451951951951952 9
1769114845244 0.9564564564564565 10
1769114847684 0.9553303303303303 11
1769114850118 0.9538288288288288 12
1769114852520 0.9632132132132132 13
1769114855007 0.9602102102102102 14
1769114857369 0.963963963963964 15
1769114859817 0.9635885885885885 16
1769114862252 0.9688438438438438 17
1769114864579 0.9752252252252253 18
1769114867019 0.9733483483483484 19
1769114869389 0.9793543543543544 20
1769114871804 0.9771021021021021 21
1769114874220 0.9733483483483484 22
1769114876562 0.9842342342342343 23
1769114878998 0.9771021021021021 24
1769114881443 0.9804804804804805 25
1769114883897 0.9864864864864865 26
1769114886242 0.9823573573573574 27
1769114888656 0.9812312312312312 28
1769114890993 0.9872372372372372 29
1769114893325 0.9846096096096096 30
1769114895809 0.9891141141141141 31
