1769115036021 0.08482613509824109 0
1769115038552 0.06718523471161376 1
1769115040978 0.05553247032383846 2
1769115043536 0.05176820174985847 3
1769115046030 0.061907641048174956 4
1769115048457 0.05856620596158643 5
1769115050946 0.042949540020768034 6
1769115053381 0.03927157147852487 7
1769115055853 0.0468308970895271 8
1769115058399 0.04897935493567655 9
1769115060885 0.04576330798743076 10
1769115063365 0.037460084495589484 11
1769115065901 0.03256932564816156 12
1769115103889 0.0839798198146529 0
1769115106052 0.0719730987018624 1
1769115108028 0.051093258808345296 2
1769115109972 0.05797970210483601 3
1769115111909 0.058216170916810285 4
1769115113922 0.05362003015051054 5
1769115115895 0.04638549011893744 6
1769115117864 0.04981307221879793 7
1769115119869 0.047523649149509364 8
1769115122050 0.04528463878777138 9
1769115124025 0.03897942381716052 10
1769115126005 0.04133416761016084 11
1769115128027 0.03695399699689344 12
