1769115036021 0.9763119533527697 0
1769115038552 0.9817784256559767 1
1769115040978 0.98432944606414 2
1769115043536 0.9857871720116618 3
1769115046030 0.9814139941690962 4
1769115048457 0.98432944606414 5
1769115050946 0.9865160349854227 6
1769115053381 0.9868804664723032 7
1769115055853 0.9865160349854227 8
1769115058399 0.9850583090379009 9
1769115060885 0.9850583090379009 10
1769115063365 0.9894314868804664 11
1769115065901 0.9919825072886297 12
1769115103889 0.9723032069970845 0
1769115106052 0.9795918367346939 1
1769115108028 0.9872448979591837 2
1769115109972 0.983600583090379 3
1769115111909 0.9817784256559767 4
1769115113922 0.98432944606414 5
1769115115895 0.98432944606414 6
1769115117864 0.9865160349854227 7
1769115119869 0.9879737609329446 8
1769115122050 0.9872448979591837 9
1769115124025 0.9908892128279884 10
1769115126005 0.9876093294460642 11
1769115128027 0.9901603498542274 12
