1769114820663 1.7833835624513172 0
1769114823412 1.1714477993193126 1
1769114825912 0.7233856476488567 2
1769114828347 0.5006220603273028 3
1769114830849 0.40022201942546026 4
1769114833267 0.3394717989223344 5
1769114835725 0.2534277926953066 6
1769114838087 0.21650881160582816 7
1769114840504 0.1949585425179629 8
1769114842896 0.17388155541959263 9
1769114845244 0.13714691677263804 10
1769114847684 0.14380459336652643 11
1769114850118 0.13230219305980773 12
1769114852520 0.1113633814134768 13
1769114855007 0.11943919965553851 14
1769114857369 0.11054651031181925 15
1769114859817 0.09969135746359825 16
1769114862252 0.09220051885183368 17
1769114864579 0.07592256961479074 18
1769114867019 0.06624610504756372 19
1769114869389 0.06798872475822766 20
1769114871804 0.07027862635662868 21
1769114874220 0.0819587092846632 22
1769114876562 0.05315506176668264 23
1769114878998 0.06891945933568336 24
1769114881443 0.06069521651425887 25
1769114883897 0.046246581588916126 26
1769114886242 0.04995777469039673 27
1769114888656 0.054600413411944396 28
1769114890993 0.04340185701758379 29
1769114893325 0.04527121247901093 30
1769114895809 0.046399676063585846 31
