1769109856503 1.7903828731803006 0
1769109858643 1.1857209676919982 1
1769109860875 0.7159924437833387 2
1769109863091 0.5091963950977769 3
1769109865291 0.40108533515486605 4
1769109867474 0.30560383269953173 5
1769109869696 0.2592271542133287 6
1769109871887 0.22204184289588486 7
1769109874099 0.19365064193343007 8
1769109876385 0.17579545444527336 9
1769109878503 0.1609617767985477 10
1769109880572 0.1544110217933045 11
1769109882645 0.1464572710006736 12
1769109884760 0.11815394461154938 13
1769109886900 0.09752482279788616 14
1769109889030 0.09962556498168512 15
1769109891250 0.07776860130387683 16
1769109893441 0.10117151146364767 17
1769109895589 0.09243932637104461 18
1769109897809 0.07782075042987979 19
1769109899945 0.08058351507886898 20
1769109902050 0.07801356967971769 21
1769109904162 0.06407088334780446 22
1769109906332 0.05668475359764903 23
1769109908564 0.06147382269765055 24
1769109910720 0.05191360946289848 25
1769109912997 0.04999842221827008 26
1769109915252 0.04650258199246817 27
1769109917495 0.04703689939450732 28
1769109919787 0.03879508011173024 29
1769109921973 0.045768645169689905 30
1769109924223 0.04329999491875602 31
1769109926469 0.05530723327294339 32
1769109928710 0.02815705635260011 33
1769109930879 0.039482194648752376 34
1769109933076 0.042344273170889464 35
1769109935237 0.04069156496417384 36
1769109937428 0.034852890882554444 37
1769109939553 0.03593713928252285 38
1769109941706 0.050321053995122746 39
1769109943811 0.05007769527498546 40
