1769109856503 0.3136748986361961 0
1769109858643 0.6575746406192406 1
1769109860875 0.7766310357537781 2
1769109863091 0.8341319572429046 3
1769109865291 0.8750460744563214 4
1769109867474 0.9085882786583118 5
1769109869696 0.9181717655731663 6
1769109871887 0.927018061186878 7
1769109874099 0.9369701437523037 8
1769109876385 0.9424990785108736 9
1769109878503 0.9506081828234427 10
1769109880572 0.9469222263177295 11
1769109882645 0.9535569480280133 12
1769109884760 0.9627718392922964 13
1769109886900 0.9671949870991522 14
1769109889030 0.9694065610025802 15
1769109891250 0.976041282712864 16
1769109893441 0.966826391448581 17
1769109895589 0.9686693697014376 18
1769109897809 0.9775156653151493 19
1769109899945 0.9708809436048654 20
1769109902050 0.97493549576115 21
1769109904162 0.9797272392185772 22
1769109906332 0.9826760044231478 23
1769109908564 0.9815702174714338 24
1769109910720 0.9837817913748618 25
1769109912997 0.9826760044231478 26
1769109915252 0.9837817913748618 27
1769109917495 0.9841503870254331 28
1769109919787 0.9882049391817177 29
1769109921973 0.9856247696277184 30
1769109924223 0.987467747880575 31
1769109926469 0.9826760044231478 32
1769109928710 0.9918908956874309 33
1769109930879 0.9870991522300037 34
1769109933076 0.9859933652782897 35
1769109935237 0.9870991522300037 36
1769109937428 0.9893107261334316 37
1769109939553 0.9893107261334316 38
1769109941706 0.9834131957242904 39
1769109943811 0.9845189826760045 40
