1769109979923 0.08362062279741432 0
1769109982155 0.06291053489630305 1
1769109984380 0.06486523372316083 2
1769109986486 0.05366277573413627 3
1769109988586 0.052649286337370094 4
1769109990726 0.04896028803358244 5
1769109992772 0.04305280226304434 6
1769109994884 0.043448932750453785 7
1769109996963 0.04086050047907372 8
1769109999080 0.033369892525898164 9
1769110001223 0.046197713201129156 10
1769110003287 0.03903081390443583 11
1769110041085 0.08281382885869852 0
1769110042787 0.0720086125873549 1
1769110044463 0.062177433957194175 2
1769110046103 0.056809833684806216 3
1769110047677 0.05712159125264301 4
1769110049347 0.056338466335694455 5
1769110051009 0.05170640102479347 6
1769110052685 0.04365471975747929 7
1769110054279 0.043569312799115516 8
1769110055917 0.046798712552286854 9
1769110057576 0.041775668841288534 10
1769110059266 0.04005446355400044 11
1769110060976 0.03964923366601037 12
1769110062653 0.04376165261275546 13
1769110064267 0.03657398990160504 14
