1769109979923 0.979358643568006 0
1769109982155 0.9848875783265757 1
1769109984380 0.9830446000737191 2
1769109986486 0.9863619609288611 3
1769109988586 0.9837817913748618 4
1769109990726 0.9856247696277184 5
1769109992772 0.9882049391817177 6
1769109994884 0.9889421304828603 7
1769109996963 0.9870991522300037 8
1769109999080 0.9907851087357169 9
1769110001223 0.9863619609288611 10
1769110003287 0.987467747880575 11
1769110041085 0.9800958348691485 0
1769110042787 0.9789900479174346 1
1769110044463 0.9826760044231478 2
1769110046103 0.9834131957242904 3
1769110047677 0.985256173977147 4
1769110049347 0.9841503870254331 5
1769110051009 0.9878363435311464 6
1769110052685 0.9878363435311464 7
1769110054279 0.9878363435311464 8
1769110055917 0.987467747880575 9
1769110057576 0.987467747880575 10
1769110059266 0.9885735348322889 11
1769110060976 0.9889421304828603 12
1769110062653 0.987467747880575 13
1769110064267 0.9885735348322889 14
