1769109745549 1.7858449249040513 0
1769109747646 1.151396808170137 1
1769109749793 0.7113040437301 2
1769109751825 0.51715068873905 3
1769109753933 0.40343859791755676 4
1769109756014 0.3178275536213602 5
1769109758089 0.2756435475533917 6
1769109760346 0.2536513459469591 7
1769109762540 0.19864836494837487 8
1769109764768 0.18077553170067923 9
1769109766957 0.15993934789938585 10
1769109769145 0.14485078030044124 11
1769109771341 0.1607706965435119 12
1769109773462 0.11728467166955982 13
1769109775552 0.10257867346739485 14
1769109777738 0.10940183512866497 15
1769109779910 0.1110585027684768 16
1769109782024 0.09268434447724194 17
1769109784138 0.10405848858257134 18
1769109786270 0.09616322045968402 19
1769109788320 0.07165861568812813 20
1769109790503 0.07659206388606912 21
1769109792583 0.060695019151483266 22
1769109794682 0.0717795931822842 23
1769109796746 0.08799858648507368 24
1769109798798 0.0756324400371384 25
1769109800905 0.05491792940579 26
1769109802931 0.06502092625236228 27
1769109805025 0.08675822358401049 28
1769109807144 0.05373064610397532 29
1769109809173 0.04473873992849674 30
1769109811239 0.04056600690819323 31
1769109813308 0.04475197330715933 32
1769109815381 0.05491942120715976 33
1769109817447 0.06753765272774867 34
1769109819598 0.049398261111318356 35
