1769109745549 0.3152503793626707 0
1769109747646 0.6657814871016692 1
1769109749793 0.7822458270106222 2
1769109751825 0.8429438543247344 3
1769109753933 0.8793626707132018 4
1769109756014 0.8987101669195751 5
1769109758089 0.9127465857359636 6
1769109760346 0.9161608497723824 7
1769109762540 0.9343702579666161 8
1769109764768 0.9396813353566009 9
1769109766957 0.9525796661608498 10
1769109769145 0.954855842185129 11
1769109771341 0.9506828528072838 12
1769109773462 0.9635811836115327 13
1769109775552 0.9696509863429439 14
1769109777738 0.9681335356600911 15
1769109779910 0.9609256449165402 16
1769109782024 0.9719271623672231 17
1769109784138 0.9685128983308042 18
1769109786270 0.9704097116843703 19
1769109788320 0.9787556904400607 20
1769109790503 0.9757207890743551 21
1769109792583 0.9810318664643399 22
1769109794682 0.9810318664643399 23
1769109796746 0.9776176024279211 24
1769109798798 0.9764795144157815 25
1769109800905 0.9836874051593323 26
1769109802931 0.9833080424886191 27
1769109805025 0.9791350531107739 28
1769109807144 0.9836874051593323 29
1769109809173 0.9836874051593323 30
1769109811239 0.9901365705614568 31
1769109813308 0.9859635811836115 32
1769109815381 0.9840667678300455 33
1769109817447 0.9821699544764795 34
1769109819598 0.9817905918057663 35
