1769110184287 0.3073224852071006 0
1769110186513 0.6612426035502958 1
1769110188678 0.7895710059171598 2
1769110190921 0.8480029585798816 3
1769110193165 0.8757396449704142 4
1769110195246 0.8964497041420119 5
1769110197408 0.9212278106508875 6
1769110199550 0.9208579881656804 7
1769110201726 0.9326923076923077 8
1769110203910 0.9386094674556213 9
1769110206022 0.9497041420118343 10
1769110208154 0.9548816568047337 11
1769110210311 0.952292899408284 12
1769110212453 0.9715236686390533 13
1769110214601 0.9644970414201184 14
1769110216699 0.963387573964497 15
1769110218852 0.9663461538461539 16
1769110221026 0.9693047337278107 17
1769110223211 0.9737426035502958 18
1769110225442 0.9689349112426036 19
1769110227597 0.9744822485207101 20
1769110229862 0.9767011834319527 21
1769110232028 0.977810650887574 22
1769110234144 0.978180473372781 23
1769110236350 0.9833579881656804 24
1769110238467 0.978180473372781 25
1769110240635 0.9785502958579881 26
1769110242792 0.9818786982248521 27
1769110244917 0.9792899408284024 28
1769110247055 0.988905325443787 29
1769110249170 0.9866863905325444 30
