1769110184287 1.8097590485284494 0
1769110186513 1.1602439090263013 1
1769110188678 0.6768242384112159 2
1769110190921 0.48424836750640426 3
1769110193165 0.38715652428394143 4
1769110195246 0.3278772664624591 5
1769110197408 0.25604603890069694 6
1769110199550 0.2328173838729082 7
1769110201726 0.20975880532763724 8
1769110203910 0.1851745718700248 9
1769110206022 0.15786594932162484 10
1769110208154 0.13558484986424446 11
1769110210311 0.14459450967436613 12
1769110212453 0.10807314047286677 13
1769110214601 0.11797462932245675 14
1769110216699 0.11105262921300045 15
1769110218852 0.09473540672902452 16
1769110221026 0.0954513874901242 17
1769110223211 0.08390366387835076 18
1769110225442 0.08822900115317384 19
1769110227597 0.0755676870602508 20
1769110229862 0.07423516115996727 21
1769110232028 0.07022811894759882 22
1769110234144 0.06560302919946438 23
1769110236350 0.05764434999937928 24
1769110238467 0.06449691814825285 25
1769110240635 0.06369397306251665 26
1769110242792 0.06095324820557306 27
1769110244917 0.05906060069452885 28
1769110247055 0.041505111662974194 29
1769110249170 0.04082998176386883 30
