1769110104202 0.3588770864946889 0
1769110106385 0.6669195751138088 1
1769110108507 0.7849013657056145 2
1769110110593 0.8361153262518968 3
1769110112642 0.8710166919575114 4
1769110114756 0.8990895295902883 5
1769110116832 0.9081942336874052 6
1769110118986 0.93247344461305 7
1769110121074 0.9389226100151745 8
1769110123166 0.9404400606980273 9
1769110125208 0.947268588770865 10
1769110127339 0.9484066767830045 11
1769110129372 0.956752655538695 12
1769110131424 0.958649468892261 13
1769110133473 0.9559939301972686 14
1769110135519 0.9715477996965098 15
1769110137631 0.9768588770864947 16
1769110139698 0.9734446130500759 17
1769110141787 0.9594081942336874 18
1769110143857 0.973823975720789 19
1769110145971 0.9726858877086495 20
