1769110286194 0.9567307692307693 0
1769110288336 0.9626479289940828 1
1769110290489 0.9637573964497042 2
1769110292629 0.9622781065088757 3
1769110294797 0.9693047337278107 4
1769110296946 0.9656065088757396 5
1769110299149 0.963387573964497 6
1769110301254 0.9700443786982249 7
1769110303364 0.9718934911242604 8
1769110305556 0.9722633136094675 9
1769110307595 0.9718934911242604 10
1769110309668 0.9696745562130178 11
1769110311731 0.9704142011834319 12
1769110313842 0.9752218934911243 13
1769110315987 0.9722633136094675 14
1769110318244 0.9763313609467456 15
1769110320397 0.9726331360946746 16
1769110322637 0.974112426035503 17
1769110324798 0.9774408284023669 18
1769110362593 0.959319526627219 0
1769110364307 0.9567307692307693 1
1769110365943 0.9630177514792899 2
1769110367590 0.966715976331361 3
1769110369214 0.9681952662721893 4
1769110370781 0.9704142011834319 5
1769110372404 0.9704142011834319 6
1769110373984 0.9648668639053254 7
1769110375639 0.9715236686390533 8
1769110377237 0.9704142011834319 9
1769110378844 0.970784023668639 10
1769110380492 0.9685650887573964 11
1769110382096 0.9659763313609467 12
