1769110286194 0.15403186252643897 0
1769110288336 0.13015811682440515 1
1769110290489 0.11500099517924842 2
1769110292629 0.11378440477473792 3
1769110294797 0.10772143339001855 4
1769110296946 0.10216226697314618 5
1769110299149 0.11576622702874416 6
1769110301254 0.0944817510628423 7
1769110303364 0.09476880062111588 8
1769110305556 0.08716919320787109 9
1769110307595 0.08782374863187935 10
1769110309668 0.08758158739223036 11
1769110311731 0.09077615334197532 12
1769110313842 0.09143940454652143 13
1769110315987 0.0862706244684929 14
1769110318244 0.07476026127331478 15
1769110320397 0.07764815595434156 16
1769110322637 0.08003272046876508 17
1769110324798 0.07397188490993062 18
1769110362593 0.14303304462931876 0
1769110364307 0.13589709044195886 1
1769110365943 0.12890980600617652 2
1769110367590 0.12032202241379161 3
1769110369214 0.12155126165165457 4
1769110370781 0.108999548523232 5
1769110372404 0.09967083388636279 6
1769110373984 0.11578918157448602 7
1769110375639 0.10375243741585764 8
1769110377237 0.09855544385175373 9
1769110378844 0.09984196272007255 10
1769110380492 0.1083369511504506 11
1769110382096 0.10750696673816026 12
