1769110104202 1.7545635075796218 0
1769110106385 1.1345114055134 1
1769110108507 0.701828618134771 2
1769110110593 0.5081303602173215 3
1769110112642 0.39634954787435983 4
1769110114756 0.3172222453923452 5
1769110116832 0.27709986375910894 6
1769110118986 0.2424496261491662 7
1769110121074 0.20024828896636054 8
1769110123166 0.18527202716185934 9
1769110125208 0.1687087897388708 10
1769110127339 0.15983056747132823 11
1769110129372 0.14088614923613413 12
1769110131424 0.1343979331265603 13
1769110133473 0.13315474126665366 14
1769110135519 0.0967178407701708 15
1769110137631 0.08902041840233973 16
1769110139698 0.09317690777104526 17
1769110141787 0.11997221414709375 18
1769110143857 0.07660221348383597 19
1769110145971 0.0790160477959684 20
