1769004108288 0.9552129221732746 0
1769004127556 0.9643906020558003 1
1769004146818 0.9669603524229075 2
1769004166122 0.9687958883994127 3
1769004185411 0.9783406754772394 4
1769004204547 0.9687958883994127 5
1769004223782 0.9805433186490455 6
1769004242963 0.9754038179148311 7
1769004262091 0.973935389133627 8
1769004282216 0.9779735682819384 9
1769004301375 0.9798091042584435 10
1769004320423 0.9783406754772394 11
1769004339494 0.9801762114537445 12
1769004358808 0.9820117474302497 13
1769004376038 0.9761380323054332 14
1769004393102 0.9801762114537445 15
1769004419262 0.9827459618208517 16
1769004439088 0.9816446402349486 17
1769004459860 0.9801762114537445 18
1769004108288 0.9552129221732746 0
