1769003720929 0.3914027149321267 0
1769003738242 0.7115384615384616 1
1769003755303 0.8092006033182504 2
1769003772476 0.8582202111613876 3
1769003789541 0.8834841628959276 4
1769003807265 0.8981900452488688 5
1769003824238 0.9181749622926093 6
1769003841253 0.9268476621417798 7
1769003857939 0.9268476621417798 8
1769003875073 0.9343891402714932 9
1769003891778 0.9479638009049773 10
1769003908515 0.948340874811463 11
1769003925318 0.9581447963800905 12
1769003942736 0.9536199095022625 13
1769003959772 0.9694570135746606 14
1769003977053 0.9558823529411765 15
1769003994020 0.9683257918552036 16
1769004011984 0.9660633484162896 17
1769004030955 0.971342383107089 18
1769004050025 0.9683257918552036 19
1769004068968 0.9766214177978884 20
1769004087986 0.9751131221719457 21
1769003720929 0.3914027149321267 0
1769003720929 0.3914027149321267 0
1769003720929 0.3914027149321267 0
