1769003720929 1.6537575075425297 0
1769003738242 0.9094733854374254 1
1769003755303 0.5900577892021961 2
1769003772476 0.4462348127580551 3
1769003789541 0.36560386706547565 4
1769003807265 0.3021494482296059 5
1769003824238 0.26343025473586046 6
1769003841253 0.21996555571635085 7
1769003857939 0.21491230054792151 8
1769003875073 0.1958234724420381 9
1769003891778 0.17303058980818253 10
1769003908515 0.15797357974820828 11
1769003925318 0.13196302279381147 12
1769003942736 0.14033882714897752 13
1769003959772 0.09914941621203739 14
1769003977053 0.12058742640607328 15
1769003994020 0.09631829020421369 16
1769004011984 0.10369049102427011 17
1769004030955 0.0891660412728607 18
1769004050025 0.0943464504173362 19
1769004068968 0.06614338240238378 20
1769004087986 0.07182548025129251 21
1769003720929 1.6537575075425297 0
1769003720929 1.6537575075425297 0
1769003720929 1.6537575075425297 0
