1769004108288 0.15114325148508298 0
1769004127556 0.15164654200550082 1
1769004146818 0.1088003130997856 2
1769004166122 0.10854095186994867 3
1769004185411 0.08021541199711867 4
1769004204547 0.10782591253519058 5
1769004223782 0.08117831076040517 6
1769004242963 0.08358816894551002 7
1769004262091 0.08651100328668605 8
1769004282216 0.07848519947769683 9
1769004301375 0.07324730688272867 10
1769004320423 0.08278876126115751 11
1769004339494 0.07112063468044061 12
1769004358808 0.0656527720153505 13
1769004376038 0.07099333791560385 14
1769004393102 0.07923386395410743 15
1769004419262 0.06631712986936056 16
1769004439088 0.08540302010383023 17
1769004459860 0.07593096995206419 18
1769004108288 0.15114325148508298 0
