1768993653640 1.6394766253161144 0
1768993692953 0.8555820110332535 1
1768993731538 0.5599586338881987 2
1768993771954 0.42318489932152165 3
1768993811371 0.34082378734307117 4
1768993852684 0.29817597505198906 5
1768993894203 0.2623588533466121 6
1768993933524 0.2196847645633192 7
1768993974683 0.20385840975017433 8
1768994015377 0.19428884659905032 9
1768994054324 0.16400280334504255 10
1768994093327 0.15446669422090054 11
1768994133344 0.13590252364660244 12
1768994172053 0.12827211639742894 13
1768994212571 0.11977667121373746 14
1768994251873 0.1214711919471801 15
1768994292708 0.09134298621912498 16
1768994333342 0.1051288811063551 17
1768994371959 0.08964017277067325 18
1768994412169 0.08007343071905604 19
1768994450901 0.07862539333010833 20
1768994489392 0.06710357087136931 21
1768993653640 1.6394766253161144 0
1768993653640 1.6394766253161144 0
1768993653640 1.6394766253161144 0
