1768993653640 0.4053030303030303 0
1768993692953 0.7318181818181818 1
1768993731538 0.8159090909090909 2
1768993771954 0.8693181818181818 3
1768993811371 0.8901515151515151 4
1768993852684 0.9041666666666667 5
1768993894203 0.9102272727272728 6
1768993933524 0.9352272727272727 7
1768993974683 0.9352272727272727 8
1768994015377 0.9431818181818182 9
1768994054324 0.9477272727272728 10
1768994093327 0.9473484848484849 11
1768994133344 0.9571969696969697 12
1768994172053 0.9579545454545455 13
1768994212571 0.9609848484848484 14
1768994251873 0.9621212121212122 15
1768994292708 0.9734848484848485 16
1768994333342 0.9643939393939394 17
1768994371959 0.9681818181818181 18
1768994412169 0.978030303030303 19
1768994450901 0.9761363636363637 20
1768994489392 0.9791666666666666 21
1768993653640 0.4053030303030303 0
1768993653640 0.4053030303030303 0
1768993653640 0.4053030303030303 0
