1768994533035 0.1362946800011046 0
1768994573744 0.12410147374167162 1
1768994614566 0.10007193996844922 2
1768994655201 0.1118065094027449 3
1768994697804 0.09493643300717368 4
1768994739501 0.09642671317081242 5
1768994780271 0.08500157366780674 6
1768994820679 0.08920546669293852 7
1768994864777 0.09153021571829038 8
1768994905743 0.09171061154235811 9
1768994946137 0.07757681311272523 10
1768994987155 0.07586496954455095 11
1768995027922 0.0688924479407861 12
1768995068765 0.08219759584788014 13
1768995110018 0.07570497396895114 14
1768994533035 0.1362946800011046 0
