1768994533035 0.9609432571849669 0
1768994573744 0.9620486366985999 1
1768994614566 0.9679439941046426 2
1768994655201 0.9613117170228445 3
1768994697804 0.9675755342667649 4
1768994739501 0.9690493736182756 5
1768994780271 0.9782608695652174 6
1768994820679 0.9705232129697863 7
1768994864777 0.9686809137803979 8
1768994905743 0.970891672807664 9
1768994946137 0.975313190862196 10
1768994987155 0.9771554900515844 11
1768995027922 0.9826823876197495 12
1768995068765 0.970891672807664 13
1768995110018 0.9771554900515844 14
1768994533035 0.9609432571849669 0
