1769117015173 0.33175182481751825 0
1769117017809 0.6587591240875912 1
1769117020417 0.7872262773722628 2
1769117023079 0.8423357664233576 3
1769117025551 0.8791970802919709 4
1769117028187 0.9051094890510949 5
1769117030697 0.9175182481751825 6
1769117033085 0.9237226277372262 7
1769117035489 0.9317518248175183 8
1769117038045 0.9408759124087591 9
1769117040552 0.9481751824817518 10
1769117043078 0.9616788321167883 11
1769117045592 0.9525547445255474 12
1769117048176 0.9594890510948905 13
1769117050686 0.968978102189781 14
1769117053177 0.9697080291970803 15
1769117055645 0.9733576642335766 16
1769117058064 0.9715328467153285 17
1769117060495 0.9755474452554744 18
1769117063040 0.9791970802919708 19
1769117065557 0.9788321167883212 20
1769117068156 0.9854014598540146 21
1769117070663 0.981021897810219 22
1769117073189 0.9762773722627737 23
1769117075826 0.9751824817518249 24
1769117078688 0.981021897810219 25
1769117081876 0.9799270072992701 26
1769117084832 0.9846715328467154 27
1769117087844 0.9806569343065693 28
1769117090750 0.9883211678832117 29
1769117093581 0.9901459854014598 30
1769117096218 0.9894160583941606 31
1769117098734 0.9908759124087592 32
1769117101466 0.9897810218978103 33
1769117103805 0.9894160583941606 34
1769117106538 0.9908759124087592 35
1769117109156 0.9894160583941606 36
1769117111674 0.9864963503649635 37
1769117114160 0.9894160583941606 38
1769117116782 0.9886861313868613 39
1769117119197 0.9872262773722628 40
1769117121671 0.9897810218978103 41
1769117124175 0.9923357664233576 42
1769117126703 0.9908759124087592 43
1769117129293 0.987956204379562 44
1769117131731 0.9872262773722628 45
1769117134308 0.9868613138686131 46
1769117136861 0.9908759124087592 47
1769117139557 0.9908759124087592 48
