1769117015173 1.7649341433547263 0
1769117017809 1.1003035376238268 1
1769117020417 0.6831113862436872 2
1769117023079 0.4890539583771728 3
1769117025551 0.3775085467238759 4
1769117028187 0.30519560845785365 5
1769117030697 0.25314099428265596 6
1769117033085 0.22594838953295418 7
1769117035489 0.1981577750208766 8
1769117038045 0.1737581002850865 9
1769117040552 0.15445294179195582 10
1769117043078 0.12737117239902185 11
1769117045592 0.14772474913056508 12
1769117048176 0.11983148077892702 13
1769117050686 0.09227996570772903 14
1769117053177 0.0896672867671695 15
1769117055645 0.08482036605304064 16
1769117058064 0.08960176619896015 17
1769117060495 0.07285315424290507 18
1769117063040 0.07248462255784245 19
1769117065557 0.06942511170149543 20
1769117068156 0.05375831128033095 21
1769117070663 0.06558975882741601 22
1769117073189 0.06545485324377931 23
1769117075826 0.07969638100976861 24
1769117078688 0.054647999057589575 25
1769117081876 0.05810727233197107 26
1769117084832 0.051396652298091455 27
1769117087844 0.060264622435233624 28
1769117090750 0.04244380768085288 29
1769117093581 0.03295072788091073 30
1769117096218 0.03830454646891286 31
1769117098734 0.03222986184558723 32
1769117101466 0.03554434235056126 33
1769117103805 0.031914728720737404 34
1769117106538 0.030616071844083624 35
1769117109156 0.02859516386050991 36
1769117111674 0.04541860787241265 37
1769117114160 0.03374665281139747 38
1769117116782 0.04048971709968566 39
1769117119197 0.04268455797763065 40
1769117121671 0.034096279176125344 41
1769117124175 0.028352336860586736 42
1769117126703 0.030655793623652224 43
1769117129293 0.03019819815296593 44
1769117131731 0.03691460655698942 45
1769117134308 0.040947946944533915 46
1769117136861 0.030235364069339146 47
1769117139557 0.029854888757041027 48
