1769117178885 0.9638686131386861 0
1769117181506 0.974087591240876 1
1769117184115 0.974087591240876 2
1769117187041 0.9766423357664233 3
1769117189552 0.9802919708029197 4
1769117192143 0.9821167883211679 5
1769117194671 0.9788321167883212 6
1769117197308 0.9832116788321168 7
1769117199796 0.9824817518248176 8
1769117202383 0.9817518248175182 9
1769117205059 0.9890510948905109 10
1769117207645 0.9835766423357665 11
1769117246039 0.9704379562043796 0
1769117248215 0.9748175182481752 1
1769117250327 0.9773722627737226 2
1769117252354 0.9788321167883212 3
1769117254375 0.9806569343065693 4
1769117256274 0.9835766423357665 5
1769117258226 0.9843065693430657 6
1769117260153 0.9788321167883212 7
1769117262182 0.9832116788321168 8
1769117264075 0.9843065693430657 9
1769117266024 0.9813868613138687 10
1769117268120 0.9832116788321168 11
1769117270397 0.9857664233576642 12
