1769116900677 0.3440575321725965 0
1769116903230 0.6468584405753217 1
1769116905391 0.7827403482210447 2
1769116907458 0.8368660105980318 3
1769116909551 0.8573050719152158 4
1769116911597 0.9019682059046177 5
1769116913641 0.9148372445117335 6
1769116915788 0.9314912944738835 7
1769116917891 0.9303557910673732 8
1769116920010 0.9477668433005298 9
1769116922076 0.9515518546555639 10
1769116924145 0.9511733535200606 11
1769116926247 0.9557153671461014 12
1769116928334 0.9632853898561695 13
1769116930369 0.9576078728236185 14
1769116932437 0.9682059046177138 15
1769116934561 0.9685844057532172 16
1769116937322 0.9659348978046934 17
1769116940133 0.973883421650265 18
1769116943215 0.9731264193792581 19
1769116945433 0.973883421650265 20
1769116947532 0.9753974261922785 21
1769116949631 0.9610143830431491 22
1769116951706 0.9772899318697956 23
1769116953808 0.9841029523088569 24
1769116955981 0.9784254352763059 25
1769116958120 0.9837244511733535 26
