1769117178885 0.10962040410485378 0
1769117181506 0.08180812256800574 1
1769117184115 0.08158630379583946 2
1769117187041 0.0705036073923111 3
1769117189552 0.06676888214640839 4
1769117192143 0.0638047729640506 5
1769117194671 0.058214461560859236 6
1769117197308 0.059268638080115926 7
1769117199796 0.05799650238437015 8
1769117202383 0.05811599239187185 9
1769117205059 0.05028894888020532 10
1769117207645 0.05437111258939948 11
1769117246039 0.09874308000990124 0
1769117248215 0.07681325030361497 1
1769117250327 0.0766031090170145 2
1769117252354 0.07010843461855899 3
1769117254375 0.0655010438112672 4
1769117256274 0.054522899261047676 5
1769117258226 0.05813542415582856 6
1769117260153 0.06663562194985706 7
1769117262182 0.05955343082720457 8
1769117264075 0.05673727278359408 9
1769117266024 0.06000904591624127 10
1769117268120 0.057958626827268406 11
1769117270397 0.0436957941585502 12
