1769116900677 1.7801869284538996 0
1769116903230 1.151162055276689 1
1769116905391 0.7122254854156858 2
1769116907458 0.5232377790269398 3
1769116909551 0.4244230552798226 4
1769116911597 0.33103006191196893 5
1769116913641 0.28044281758013223 6
1769116915788 0.21363247221424467 7
1769116917891 0.21212081841769673 8
1769116920010 0.1839984960499264 9
1769116922076 0.1545202765791189 10
1769116924145 0.15892709915836653 11
1769116926247 0.1538542476260946 12
1769116928334 0.12657805878136838 13
1769116930369 0.12505323501924673 14
1769116932437 0.11153234222105571 15
1769116934561 0.10642614055957113 16
1769116937322 0.10309812674919765 17
1769116940133 0.0751207803952552 18
1769116943215 0.0838941407079498 19
1769116945433 0.08430372256164749 20
1769116947532 0.08224996682699948 21
1769116949631 0.10621865381974549 22
1769116951706 0.06410287462529682 23
1769116953808 0.061908504038694356 24
1769116955981 0.0685564327896351 25
1769116958120 0.0552288393844806 26
