1769117848647 1.769697716069776 0
1769117851116 1.11645037767499 1
1769117853650 0.6956272298513457 2
1769117856159 0.4845692238142324 3
1769117858754 0.36755088283572085 4
1769117861269 0.3159278215363968 5
1769117863796 0.2532168314900509 6
1769117866298 0.21613509485194848 7
1769117868748 0.18677065764055695 8
1769117871220 0.1643752521553705 9
1769117873765 0.15749146841293157 10
1769117876247 0.12993647920530896 11
1769117878887 0.1337103481556094 12
1769117881508 0.12609644745324933 13
1769117883964 0.10472252072636472 14
1769117886462 0.10152558744126974 15
1769117889003 0.0917025456031741 16
1769117891591 0.08001978864330192 17
1769117894181 0.0736328588235517 18
1769117896752 0.0731211832702853 19
1769117899297 0.07148952403127454 20
1769117901728 0.0637332750700934 21
1769117904264 0.05276701980552008 22
1769117906721 0.0723941458584091 23
1769117909248 0.05737133103227893 24
1769117911658 0.06288345231739588 25
1769117914154 0.050843679519413515 26
1769117916606 0.04859809987355283 27
1769117918992 0.04712388326608857 28
1769117921409 0.050656856741582934 29
1769117923842 0.051891101221012516 30
1769117926301 0.046301656835820784 31
1769117928658 0.05123543321848089 32
1769117931091 0.044803067938922796 33
