1769117848647 0.3415877640203933 0
1769117851116 0.6653313911143481 1
1769117853650 0.7851420247632921 2
1769117856159 0.8485069191551348 3
1769117858754 0.8863801893663511 4
1769117861269 0.8998543335761107 5
1769117863796 0.922068463219228 6
1769117866298 0.9300801165331392 7
1769117868748 0.937727603787327 8
1769117871220 0.9450109249817917 9
1769117873765 0.9508375819373635 10
1769117876247 0.9613983976693372 11
1769117878887 0.9577567370721048 12
1769117881508 0.9588492352512746 13
1769117883964 0.9650400582665696 14
1769117886462 0.9650400582665696 15
1769117889003 0.9675892206846322 16
1769117891591 0.9763292061179898 17
1769117894181 0.9774217042971595 18
1769117896752 0.9756008739985433 19
1769117899297 0.976693372177713 20
1769117901728 0.9788783685360525 21
1769117904264 0.984340859431901 22
1769117906721 0.9748725418790969 23
1769117909248 0.9832483612527313 24
1769117911658 0.9796067006554989 25
1769117914154 0.9821558630735615 26
1769117916606 0.9847050254916242 27
1769117918992 0.9868900218499636 28
1769117921409 0.9847050254916242 29
1769117923842 0.9839766933721777 30
1769117926301 0.9868900218499636 31
1769117928658 0.984340859431901 32
1769117931091 0.9865258557902403 33
