1769117709458 1.7856583141145252 0
1769117712219 1.1515449044250308 1
1769117714776 0.7093220864023481 2
1769117717257 0.48668037142072407 3
1769117719659 0.3937299045778456 4
1769117722252 0.308744925118628 5
1769117724630 0.2587295747583821 6
1769117727084 0.22198092901990527 7
1769117729470 0.21314542261617525 8
1769117731753 0.17058788878577097 9
1769117734123 0.15556268456081548 10
1769117736482 0.14739423595546258 11
1769117738984 0.12973242661073095 12
1769117741467 0.1132791688488353 13
1769117743837 0.10911332758232242 14
1769117746221 0.09183839389256068 15
1769117748527 0.09315341711044312 16
1769117750809 0.07314718920471412 17
1769117753184 0.0803697889759427 18
1769117755616 0.0692014629021287 19
1769117758074 0.06416103079737652 20
1769117760363 0.07544522494122032 21
1769117762721 0.05657566338777542 22
1769117765109 0.0633732717750328 23
1769117767460 0.053547471340390895 24
1769117769709 0.05445846528302701 25
1769117772045 0.06413039117164555 26
1769117774471 0.05076835193626937 27
1769117776803 0.0606834375787349 28
1769117779130 0.03921122977598792 29
1769117781713 0.04465190953175936 30
1769117784087 0.04011431399599782 31
1769117786408 0.04083976475521922 32
1769117788768 0.05473377861614738 33
1769117791069 0.0426756712009332 34
1769117793546 0.04381266437537436 35
1769117795925 0.038477943278849125 36
1769117798342 0.0375204675531547 37
1769117800735 0.03147952588984654 38
1769117803115 0.05233773881835597 39
1769117805507 0.03249443361225227 40
1769117807941 0.025679258330325996 41
1769117810364 0.03443300138903959 42
