1769117968688 0.09943092172575552 0
1769117971348 0.06855418111825752 1
1769117973786 0.05462253173856541 2
1769117976156 0.042724021445136776 3
1769117978596 0.04676431631885989 4
1769117981043 0.03844883537656346 5
1769117983431 0.03585986116207963 6
1769117985831 0.028120360921981724 7
1769117988199 0.027713328004316536 8
1769117990593 0.02879966558282112 9
1769117993160 0.027358743909010014 10
1769117995555 0.02843245414497201 11
1769117997954 0.02957924856631042 12
1769118000358 0.02301968899447211 13
1769118002830 0.026698459248426697 14
1769118005207 0.027571135113925435 15
1769118042682 0.09548169869366427 0
1769118044653 0.06667387311151901 1
1769118046697 0.05639663195714008 2
1769118048514 0.04443996212293589 3
1769118050551 0.04295735206281723 4
1769118052635 0.03596957971688446 5
1769118054495 0.040177392979087526 6
1769118056417 0.03336988868148521 7
1769118058336 0.03327759584888469 8
1769118060287 0.031618127447747904 9
1769118062216 0.02689265563196048 10
1769118064148 0.023667221423238516 11
1769118066033 0.022857410941532878 12
1769118067910 0.026559371901892646 13
