1769117968688 0.973415877640204 0
1769117971348 0.9777858703568827 1
1769117973786 0.9832483612527313 2
1769117976156 0.9865258557902403 3
1769117978596 0.9865258557902403 4
1769117981043 0.9887108521485798 5
1769117983431 0.9879825200291333 6
1769117985831 0.992352512745812 7
1769117988199 0.9912600145666424 8
1769117990593 0.992352512745812 9
1769117993160 0.9919883466860888 10
1769117995555 0.9912600145666424 11
1769117997954 0.9901675163874727 12
1769118000358 0.9919883466860888 13
1769118002830 0.9934450109249818 14
1769118005207 0.9919883466860888 15
1769118042682 0.9741442097596504 0
1769118044653 0.9806991988346686 1
1769118046697 0.984340859431901 2
1769118048514 0.9861616897305171 3
1769118050551 0.9898033503277495 4
1769118052635 0.9894391842680262 5
1769118054495 0.9868900218499636 6
1769118056417 0.9905316824471959 7
1769118058336 0.9894391842680262 8
1769118060287 0.9912600145666424 9
1769118062216 0.9927166788055353 10
1769118064148 0.9941733430444283 11
1769118066033 0.9930808448652586 12
1769118067910 0.9930808448652586 13
