1769117709458 0.343937125748503 0
1769117712219 0.6672904191616766 1
1769117714776 0.7739520958083832 2
1769117717257 0.842814371257485 3
1769117719659 0.8791167664670658 4
1769117722252 0.9026946107784432 5
1769117724630 0.9176646706586826 6
1769117727084 0.9303892215568862 7
1769117729470 0.9244011976047904 8
1769117731753 0.9479790419161677 9
1769117734123 0.9517215568862275 10
1769117736482 0.9513473053892215 11
1769117738984 0.9607035928143712 12
1769117741467 0.9659431137724551 13
1769117743837 0.9651946107784432 14
1769117746221 0.9704341317365269 15
1769117748527 0.9700598802395209 16
1769117750809 0.9749251497005988 17
1769117753184 0.9738023952095808 18
1769117755616 0.9771706586826348 19
1769117758074 0.9764221556886228 20
1769117760363 0.9756736526946108 21
1769117762721 0.9831586826347305 22
1769117765109 0.9782934131736527 23
1769117767460 0.9820359281437125 24
1769117769709 0.9831586826347305 25
1769117772045 0.9752994011976048 26
1769117774471 0.9846556886227545 27
1769117776803 0.9790419161676647 28
1769117779130 0.9883982035928144 29
1769117781713 0.9835329341317365 30
1769117784087 0.9869011976047904 31
1769117786408 0.9898952095808383 32
1769117788768 0.9816616766467066 33
1769117791069 0.9872754491017964 34
1769117793546 0.9857784431137725 35
1769117795925 0.9861526946107785 36
1769117798342 0.9861526946107785 37
1769117800735 0.9906437125748503 38
1769117803115 0.9842814371257484 39
1769117805507 0.9895209580838323 40
1769117807941 0.9928892215568862 41
1769117810364 0.9925149700598802 42
