1769106856585 1.7907295670620231 0
1769106859117 1.1848494535268739 1
1769106861565 0.7238395629927169 2
1769106864088 0.4909460662409317 3
1769106866620 0.38601418705873713 4
1769106869246 0.2952814001676648 5
1769106871809 0.2687267463567645 6
1769106874255 0.2048657635270163 7
1769106876701 0.18991056760383207 8
1769106879255 0.1571791132175645 9
1769106881761 0.15675183628187622 10
1769106884150 0.14378569431083146 11
1769106886618 0.12827416518053344 12
1769106889134 0.1114652793594571 13
1769106891535 0.09605834871357263 14
1769106894012 0.09773826087976611 15
1769106896403 0.08451792545789896 16
1769106898973 0.08415565373332695 17
1769106901490 0.07945779100233732 18
1769106903960 0.07869427638171717 19
1769106906448 0.060153880827995235 20
1769106908939 0.08792164943419224 21
1769106911434 0.06710882931081362 22
