1769106856585 0.31938325991189426 0
1769106859117 0.6538179148311307 1
1769106861565 0.7731277533039648 2
1769106864088 0.8472834067547724 3
1769106866620 0.8748164464023495 4
1769106869246 0.9052863436123348 5
1769106871809 0.9107929515418502 6
1769106874255 0.933186490455213 7
1769106876701 0.9434654919236417 8
1769106879255 0.9453010279001468 9
1769106881761 0.9453010279001468 10
1769106884150 0.9533773861967695 11
1769106886618 0.9548458149779736 12
1769106889134 0.9647577092511013 13
1769106891535 0.9676945668135095 14
1769106894012 0.9676945668135095 15
1769106896403 0.9676945668135095 16
1769106898973 0.9732011747430249 17
1769106901490 0.9743024963289281 18
1769106903960 0.9720998531571219 19
1769106906448 0.9812775330396476 20
1769106908939 0.9709985315712188 21
1769106911434 0.9798091042584435 22
