1769106948513 0.10090455518992142 0
1769106951093 0.08792415926189617 1
1769106953548 0.07601842405491097 2
1769106956036 0.06953461596005878 3
1769106958576 0.06354493944537501 4
1769106961028 0.05434050603748061 5
1769106963394 0.05184812815643327 6
1769106965823 0.0482136873355092 7
1769106968379 0.04684739837119745 8
1769106970841 0.05039776287713023 9
1769106973374 0.051286954183651264 10
1769106975906 0.051515692844986916 11
1769106978368 0.04962441591589257 12
1769106980830 0.04293220451231613 13
1769107017854 0.1178597099212713 0
1769107019863 0.0936811109788196 1
1769107021817 0.0760533214481764 2
1769107023857 0.07611973393102024 3
1769107025712 0.061420054326570314 4
1769107027687 0.06348608321575232 5
1769107029639 0.06025783893067476 6
1769107031505 0.05357176379495582 7
1769107033403 0.05531482565281696 8
1769107035408 0.052198515880073224 9
1769107037373 0.051032713766014856 10
1769107039421 0.05278401769870936 11
1769107041468 0.051213564935985 12
1769107043340 0.04484929168207008 13
1769107045291 0.045823379084034714 14
1769107047231 0.05184335868025935 15
1769107049288 0.04816339495266939 16
1769107051329 0.04289163937142422 17
1769107053333 0.03983155361831535 18
1769107055408 0.03849045183986079 19
1769107057321 0.0413831676962937 20
1769107059389 0.04067330976385017 21
1769107061364 0.04401771050639624 22
1769107063303 0.03935154525259899 23
1769107065226 0.040834382371327214 24
1769107067205 0.03659820662768081 25
1769107069102 0.036429133688554514 26
1769107071056 0.047601419414371945 27
1769107073068 0.04102572871285469 28
1769107074960 0.02933575797739417 29
1769107076808 0.03469168395886934 30
1769107078694 0.030950169111493717 31
1769107080696 0.03060797852095823 32
1769107082647 0.03750172501083377 33
1769107084657 0.0384309277869761 34
