1769106948513 0.973568281938326 0
1769106951093 0.973935389133627 1
1769106953548 0.9765051395007343 2
1769106956036 0.9805433186490455 3
1769106958576 0.9790748898678414 4
1769106961028 0.9831130690161527 5
1769106963394 0.9849486049926579 6
1769106965823 0.9849486049926579 7
1769106968379 0.98568281938326 8
1769106970841 0.987885462555066 9
1769106973374 0.98568281938326 10
1769106975906 0.9875183553597651 11
1769106978368 0.9845814977973568 12
1769106980830 0.987885462555066 13
1769107017854 0.9687958883994127 0
1769107019863 0.9732011747430249 1
1769107021817 0.9794419970631424 2
1769107023857 0.9754038179148311 3
1769107025712 0.9809104258443465 4
1769107027687 0.9790748898678414 5
1769107029639 0.9820117474302497 6
1769107031505 0.9820117474302497 7
1769107033403 0.9820117474302497 8
1769107035408 0.9842143906020558 9
1769107037373 0.9842143906020558 10
1769107039421 0.9834801762114538 11
1769107041468 0.98568281938326 12
1769107043340 0.987885462555066 13
1769107045291 0.9849486049926579 14
1769107047231 0.9849486049926579 15
1769107049288 0.9845814977973568 16
1769107051329 0.987151248164464 17
1769107053333 0.9882525697503671 18
1769107055408 0.9875183553597651 19
1769107057321 0.987885462555066 20
1769107059389 0.9882525697503671 21
1769107061364 0.986784140969163 22
1769107063303 0.9886196769456681 23
1769107065226 0.987885462555066 24
1769107067205 0.9893538913362702 25
1769107069102 0.9897209985315712 26
1769107071056 0.9853157121879589 27
1769107073068 0.9853157121879589 28
1769107074960 0.9922907488986784 29
1769107076808 0.9886196769456681 30
1769107078694 0.9922907488986784 31
1769107080696 0.9900881057268722 32
1769107082647 0.9860499265785609 33
1769107084657 0.987151248164464 34
