1769106725580 1.789298415184021 0
1769106728257 1.197841117779414 1
1769106730874 0.7154383659362793 2
1769106733351 0.48575593814963386 3
1769106735784 0.39215949958279017 4
1769106738199 0.3123758818422045 5
1769106740557 0.24787779578140803 6
1769106742938 0.23773587441870145 7
1769106745361 0.19176324705282846 8
1769106747832 0.17438719226490884 9
1769106750172 0.15189948633667968 10
1769106752622 0.1409287370209183 11
1769106754970 0.13781827679347425 12
1769106757446 0.12934012427216485 13
1769106759827 0.1019405165598506 14
1769106762227 0.09757341941197713 15
1769106764675 0.09099530073858443 16
1769106767072 0.09794028790756351 17
1769106769464 0.0818104164541832 18
1769106771902 0.07372928273287557 19
1769106774362 0.08050593802528012 20
1769106776755 0.061042539919504805 21
1769106779099 0.07253804993593976 22
1769106781525 0.06162188290840104 23
1769106783976 0.05922552098387054 24
1769106786424 0.05648827465206739 25
1769106788844 0.056176674319431186 26
1769106791355 0.04312584096831935 27
1769106793708 0.053403118603108896 28
1769106796091 0.052322629639612775 29
