1769106725580 0.3301815431164902 0
1769106728257 0.642965204236006 1
1769106730874 0.7779878971255674 2
1769106733351 0.8472012102874432 3
1769106735784 0.874054462934947 4
1769106738199 0.903555219364599 5
1769106740557 0.9190620272314675 6
1769106742938 0.9236006051437217 7
1769106745361 0.9357034795763994 8
1769106747832 0.9394856278366112 9
1769106750172 0.9504538577912254 10
1769106752622 0.9572617246596067 11
1769106754970 0.955748865355522 12
1769106757446 0.960287443267776 13
1769106759827 0.9659606656580938 14
1769106762227 0.9674735249621785 15
1769106764675 0.970499243570348 16
1769106767072 0.9644478063540091 17
1769106769464 0.976928895612708 18
1769106771902 0.9822239031770046 19
1769106774362 0.9757942511346445 20
1769106776755 0.9818456883509834 21
1769106779099 0.9776853252647504 22
1769106781525 0.9803328290468987 23
1769106783976 0.9807110438729199 24
1769106786424 0.983358547655068 25
1769106788844 0.9837367624810892 26
1769106791355 0.9863842662632375 27
1769106793708 0.983358547655068 28
1769106796091 0.9807110438729199 29
