1768992040505 0.3949165402124431 0
1768992080518 0.7435508345978755 1
1768992119505 0.8243550834597876 2
1768992160149 0.8547040971168437 3
1768992200733 0.8964339908952959 4
1768992239417 0.9081942336874052 5
1768992279593 0.9119878603945372 6
1768992318599 0.9347496206373292 7
1768992357176 0.9487860394537178 8
1768992397398 0.9389226100151745 9
1768992436493 0.9408194233687405 10
1768992477362 0.9537177541729894 11
1768992519376 0.9559939301972686 12
1768992565147 0.962443095599393 13
1768992604288 0.9643399089529591 14
1768992643488 0.9715477996965098 15
1768992683757 0.9688922610015175 16
1768992721900 0.966236722306525 17
1768992759777 0.9620637329286799 18
1768992800723 0.9696509863429439 19
1768992839774 0.9730652503793626 20
1768992878727 0.9707890743550834 21
1768992919414 0.9810318664643399 22
1768992960245 0.9821699544764795 23
1768992999803 0.9776176024279211 24
1768993040068 0.9806525037936267 25
1768993078891 0.9787556904400607 26
1768993119198 0.9848254931714719 27
1768992040505 0.3949165402124431 0
1768992040505 0.3949165402124431 0
1768992040505 0.3949165402124431 0
