1768992040505 1.620975266019982 0
1768992080518 0.8264603302421341 1
1768992119505 0.5419952702450465 2
1768992160149 0.4477631805172886 3
1768992200733 0.34035612678671456 4
1768992239417 0.30791725092623606 5
1768992279593 0.26324799468359317 6
1768992318599 0.22492567939032992 7
1768992357176 0.16742937975978278 8
1768992397398 0.19253136468939033 9
1768992436493 0.17854202536484562 10
1768992477362 0.13950177255165147 11
1768992519376 0.1396023003294705 12
1768992565147 0.11664619685027254 13
1768992604288 0.10627321183053126 14
1768992643488 0.09433350828756769 15
1768992683757 0.0970173292086426 16
1768992721900 0.10292676485042615 17
1768992759777 0.10020745918154716 18
1768992800723 0.09549631403916213 19
1768992839774 0.08391027480184314 20
1768992878727 0.08641919809539454 21
1768992919414 0.06678928747066264 22
1768992960245 0.05370624914080892 23
1768992999803 0.07523410470527878 24
1768993040068 0.05742189067932048 25
1768993078891 0.06329589482138764 26
1768993119198 0.04671981217653816 27
1768992040505 1.620975266019982 0
1768992040505 1.620975266019982 0
1768992040505 1.620975266019982 0
