1769005508919 0.4203338391502276 0
1769005528583 0.7279969650986343 1
1769005547045 0.8141122913505311 2
1769005565443 0.8543247344461306 3
1769005584641 0.8831562974203339 4
1769005603440 0.9051593323216995 5
1769005621769 0.9044006069802731 6
1769005639362 0.9290591805766313 7
1769005656562 0.9264036418816388 8
1769005673800 0.9415781487101669 9
1769005691698 0.9411987860394537 10
1769005708522 0.9503034901365706 11
1769005725433 0.9544764795144158 12
1769005742449 0.9582701062215478 13
1769005758788 0.9556145675265554 14
1769005775469 0.9616843702579666 15
1769005792303 0.9688922610015175 16
1769005809642 0.9677541729893778 17
1769005826114 0.9707890743550834 18
1769005842563 0.9719271623672231 19
1769005859072 0.9745827010622155 20
1769005876111 0.9761001517450683 21
1769005893294 0.9783763277693475 22
1769005910411 0.9753414264036419 23
1769005927254 0.9776176024279211 24
1769005508919 0.4203338391502276 0
1769005508919 0.4203338391502276 0
1769005508919 0.4203338391502276 0
