1769005508919 1.6162411922431854 0
1769005528583 0.8721087474420847 1
1769005547045 0.5732105386903487 2
1769005565443 0.43483038569789334 3
1769005584641 0.36540878662861975 4
1769005603440 0.2967025087360876 5
1769005621769 0.26446455932525265 6
1769005639362 0.2212526023567441 7
1769005656562 0.21785461256302982 8
1769005673800 0.18309330500393028 9
1769005691698 0.18055220338774014 10
1769005708522 0.15463290673242994 11
1769005725433 0.1413115772856287 12
1769005742449 0.13565697651132044 13
1769005758788 0.13263879213706556 14
1769005775469 0.11966566889580474 15
1769005792303 0.09924253656427903 16
1769005809642 0.09401279388848378 17
1769005826114 0.10290125384926796 18
1769005842563 0.09499443861016307 19
1769005859072 0.08290713724781232 20
1769005876111 0.07590224386293845 21
1769005893294 0.06566035228568208 22
1769005910411 0.06777072872360607 23
1769005927254 0.0638598838248795 24
1769005508919 1.6162411922431854 0
1769005508919 1.6162411922431854 0
1769005508919 1.6162411922431854 0
