1769001368062 0.37065052950075644 0
1769001384844 0.7125567322239031 1
1769001401701 0.8078668683812406 2
1769001418312 0.8536308623298033 3
1769001434835 0.8835098335854765 4
1769001451196 0.9009077155824509 5
1769001467813 0.9171709531013615 6
1769001484229 0.93267776096823 7
1769001500685 0.9341906202723147 8
1769001517994 0.9338124054462935 9
1769001540070 0.9470499243570348 10
1769001556394 0.9470499243570348 11
1769001572747 0.955748865355522 12
1769001589173 0.9565052950075643 13
1769001606071 0.962178517397882 14
1769001622521 0.9618003025718608 15
1769001638928 0.9625567322239031 16
1769001655494 0.9667170953101362 17
1769001672341 0.9750378214826021 18
1769001688994 0.9712556732223904 19
1769001705653 0.9701210287443268 20
1769001722509 0.9735249621785174 21
1769001739450 0.9746596066565809 22
1769001756329 0.9791981845688351 23
1769001772991 0.9780635400907716 24
1769001789914 0.9795763993948563 25
1769001806916 0.9826021180030258 26
1769001823650 0.9818456883509834 27
1769001840338 0.9765506807866868 28
1769001857253 0.9818456883509834 29
1769001874469 0.981089258698941 30
1769001891483 0.9837367624810892 31
1769001908514 0.9803328290468987 32
1769001925373 0.9882753403933434 33
1769001942642 0.9837367624810892 34
1769001368062 0.37065052950075644 0
1769001368062 0.37065052950075644 0
1769001368062 0.37065052950075644 0
