1769001368062 1.6919646320572819 0
1769001384844 0.9085850414023342 1
1769001401701 0.591789673609906 2
1769001418312 0.45712604400623275 3
1769001434835 0.3640577130648027 4
1769001451196 0.30133923089288805 5
1769001467813 0.2544983664909041 6
1769001484229 0.2117506484669375 7
1769001500685 0.19728733318667097 8
1769001517994 0.20832191739814826 9
1769001540070 0.16312296746904592 10
1769001556394 0.14666361016142798 11
1769001572747 0.13520225191331772 12
1769001589173 0.13000287380383677 13
1769001606071 0.12968849624136844 14
1769001622521 0.12164292374558477 15
1769001638928 0.10402768008769994 16
1769001655494 0.10444372623081667 17
1769001672341 0.08014111692108304 18
1769001688994 0.08799325029578912 19
1769001705653 0.09004841535632689 20
1769001722509 0.08662313312651163 21
1769001739450 0.08406520605715642 22
1769001756329 0.06315773278923638 23
1769001772991 0.06829730348089283 24
1769001789914 0.06917522561242692 25
1769001806916 0.05524446277217154 26
1769001823650 0.06092590689154185 27
1769001840338 0.07576896268201161 28
1769001857253 0.05134483204077346 29
1769001874469 0.05944374382091933 30
1769001891483 0.05844226942386433 31
1769001908514 0.0645582375498152 32
1769001925373 0.040788443228903126 33
1769001942642 0.05600023567003299 34
1769001368062 1.6919646320572819 0
1769001368062 1.6919646320572819 0
1769001368062 1.6919646320572819 0
