1768995153497 0.4014459665144597 0
1768995194436 0.7073820395738204 1
1768995232796 0.8203957382039574 2
1768995273469 0.8554033485540334 3
1768995314392 0.884703196347032 4
1768995354793 0.9075342465753424 5
1768995393733 0.9170471841704718 6
1768995431846 0.9227549467275494 7
1768995472160 0.9360730593607306 8
1768995512983 0.9421613394216134 9
1768995552052 0.9417808219178082 10
1768995592441 0.947869101978691 11
1768995633173 0.9535768645357686 12
1768995672118 0.9531963470319634 13
1768995712943 0.965372907153729 14
1768995753940 0.9657534246575342 15
1768995794905 0.9714611872146118 16
1768995833530 0.9699391171993912 17
1768995871753 0.9615677321156774 18
1768995911697 0.9699391171993912 19
1768995950554 0.9786910197869102 20
1768995991118 0.9813546423135464 21
1768996030238 0.9775494672754946 22
1768996070583 0.9752663622526636 23
1768996109378 0.9775494672754946 24
1768996149858 0.9729832572298326 25
1768996188715 0.9817351598173516 26
1768996227071 0.9726027397260274 27
1768996267543 0.9802130898021308 28
1768996306686 0.9767884322678844 29
1768995153497 0.4014459665144597 0
1768995153497 0.4014459665144597 0
1768995153497 0.4014459665144597 0
