1768995153497 1.6559457549129624 0
1768995194436 0.9094081090157291 1
1768995232796 0.5680624207100237 2
1768995273469 0.44528686766882974 3
1768995314392 0.35733379306922475 4
1768995354793 0.3028389972645834 5
1768995393733 0.2663948138704501 6
1768995431846 0.24102969961353096 7
1768995472160 0.209374504814665 8
1768995512983 0.18502281635371318 9
1768995552052 0.18154139148004084 10
1768995592441 0.18696141323770385 11
1768995633173 0.1434268019644611 12
1768995672118 0.14535175784524665 13
1768995712943 0.10978345344045076 14
1768995753940 0.1106088141495564 15
1768995794905 0.10340714472604084 16
1768995833530 0.126742872342198 17
1768995871753 0.14255686231092157 18
1768995911697 0.09660670615687787 19
1768995950554 0.07804134414048798 20
1768995991118 0.060980493831167736 21
1768996030238 0.07542415974796357 22
1768996070583 0.08009464808750942 23
1768996109378 0.09093494948942259 24
1768996149858 0.08813848918169198 25
1768996188715 0.07623652759827225 26
1768996227071 0.09498086238998067 27
1768996267543 0.08348222790532801 28
1768996306686 0.0797771589819297 29
1768995153497 1.6559457549129624 0
1768995153497 1.6559457549129624 0
1768995153497 1.6559457549129624 0
