1768996350132 0.10387302597108132 0
1768996392009 0.08085667868418729 1
1768996433808 0.06489840094000102 2
1768996476354 0.06340725032941383 3
1768996518324 0.06502909506397213 4
1768996559549 0.060886431003318114 5
1768996600584 0.05954861564233022 6
1768996641688 0.056957337638253676 7
1768996682392 0.05103021230110351 8
1768996724226 0.05175406605224399 9
1768996765036 0.04661838371744927 10
1768996805394 0.04224573958884267 11
1768996845815 0.03719367319444085 12
1768996886764 0.03976019618156202 13
1768996928336 0.04412485160043134 14
1768996350132 0.10387302597108132 0
