1768996350132 0.9708702064896755 0
1768996392009 0.9771386430678466 1
1768996433808 0.9800884955752213 2
1768996476354 0.9815634218289085 3
1768996518324 0.9786135693215339 4
1768996559549 0.984882005899705 5
1768996600584 0.9823008849557522 6
1768996641688 0.9815634218289085 7
1768996682392 0.9852507374631269 8
1768996724226 0.9819321533923304 9
1768996765036 0.9859882005899705 10
1768996805394 0.9863569321533924 11
1768996845815 0.9904129793510325 12
1768996886764 0.9882005899705014 13
1768996928336 0.9856194690265486 14
1768996350132 0.9708702064896755 0
