1769110886797 0.3317360855141909 0
1769110889430 0.6656837449318098 1
1769110892004 0.7847401400663472 2
1769110894495 0.8429782528566163 3
1769110896949 0.879100626612606 4
1769110899444 0.8934758569848876 5
1769110901997 0.9141172134168817 6
1769110904460 0.9325469959454479 7
1769110906847 0.9380759307040177 8
1769110909349 0.9476594176188721 9
1769110911859 0.9483966089200148 10
1769110914259 0.9476594176188721 11
1769110916713 0.9598230740877257 12
1769110919120 0.9550313306302985 13
1769110921638 0.9616660523405823 14
1769110924122 0.9660892001474383 15
1769110926612 0.9708809436048654 16
1769110928975 0.972723921857722 17
1769110931539 0.9730925175082934 18
1769110933953 0.9697751566531515 19
1769110936377 0.9708809436048654 20
1769110938795 0.9730925175082934 21
1769110941376 0.9808330261702912 22
1769110943910 0.9845189826760045 23
1769110946308 0.9870991522300037 24
1769110948777 0.9775156653151493 25
1769110951236 0.9856247696277184 26
1769110953791 0.9863619609288611 27
1769110956337 0.9841503870254331 28
1769110958783 0.9786214522668633 29
1769110961137 0.9856247696277184 30
1769110963588 0.9882049391817177 31
1769110966015 0.9856247696277184 32
1769110968496 0.9848875783265757 33
1769110970919 0.9804644305197199 34
