1769110886797 1.784934030022732 0
1769110889430 1.1259919890137606 1
1769110892004 0.6863375410091045 2
1769110894495 0.48989207245582755 3
1769110896949 0.38464772458686386 4
1769110899444 0.33038053470988604 5
1769110901997 0.26360829070556996 6
1769110904460 0.21767334016256554 7
1769110906847 0.19242459223713987 8
1769110909349 0.17312869481569113 9
1769110911859 0.16807526410665624 10
1769110914259 0.16337749214712963 11
1769110916713 0.12734355127742125 12
1769110919120 0.1276791346974151 13
1769110921638 0.11603119354261908 14
1769110924122 0.1028692508982711 15
1769110926612 0.09326831788517707 16
1769110928975 0.08479165913927 17
1769110931539 0.09110094442270524 18
1769110933953 0.10161566283813743 19
1769110936377 0.0912974888328896 20
1769110938795 0.08437301491408847 21
1769110941376 0.0649773970701147 22
1769110943910 0.05806926289183456 23
1769110946308 0.05081896698318942 24
1769110948777 0.05955187857237666 25
1769110951236 0.04644877833942341 26
1769110953791 0.04857799044788577 27
1769110956337 0.04832934120366739 28
1769110958783 0.06209676339139426 29
1769110961137 0.043785610875158115 30
1769110963588 0.040132176834916655 31
1769110966015 0.04163094907782452 32
1769110968496 0.055726856274833515 33
1769110970919 0.058337103878689366 34
