1769111008234 0.04382120971676222 0
1769111010807 0.03857924335441271 1
1769111013233 0.0426401112033704 2
1769111015705 0.03166861675658025 3
1769111018099 0.028422865572623735 4
1769111020497 0.027328604604875625 5
1769111023024 0.025047836413736955 6
1769111025440 0.029261149628477735 7
1769111027875 0.02519627663761724 8
1769111030268 0.029692430612306264 9
1769111032679 0.027478867703182405 10
1769111035148 0.023058835509081565 11
1769111037679 0.0311352003983027 12
1769111040221 0.0261701337863193 13
1769111042707 0.02130506496313353 14
1769111045179 0.02501436902296751 15
1769111047673 0.02165792259485136 16
1769111050031 0.0201678276820065 17
1769111052503 0.018848160254704052 18
1769111054912 0.021334564941393776 19
1769111057269 0.01946924809842955 20
1769111059679 0.018380647736363286 21
1769111062075 0.02399175614118576 22
1769111099691 0.04624333945211283 0
1769111101644 0.0505626663933833 1
1769111103668 0.036234251472579186 2
1769111105614 0.03915147091868485 3
1769111107580 0.030788216577452975 4
1769111109478 0.031533175700365804 5
1769111111477 0.030328611074405355 6
1769111113426 0.025737064294950214 7
1769111115369 0.03238398446376587 8
1769111117306 0.030830836681605772 9
1769111119237 0.023967639256138786 10
1769111121204 0.030384211302843203 11
