1769110754562 1.809984876995995 0
1769110757004 1.1791974490597135 1
1769110759402 0.7106502701838812 2
1769110761767 0.5107750112102145 3
1769110764147 0.3757708402616637 4
1769110766476 0.31129749367634457 5
1769110768851 0.267742356551545 6
1769110771167 0.25224147612849873 7
1769110773567 0.1929461666870685 8
1769110775939 0.1908070473443894 9
1769110778329 0.1638286013510965 10
1769110780801 0.15913678430730388 11
1769110783130 0.14743190897362574 12
1769110785499 0.14284578214089075 13
1769110787936 0.13011760920995757 14
1769110790215 0.09998242707834357 15
1769110792593 0.1107808065911134 16
1769110795001 0.09312601077059905 17
1769110797400 0.08017187215210426 18
1769110799776 0.07457790098020009 19
1769110802157 0.09031363022291944 20
1769110804515 0.06850112043321133 21
1769110806952 0.06672250663506843 22
1769110809349 0.06633415146331702 23
1769110811698 0.054847647968147485 24
1769110814061 0.05282133125833103 25
1769110816412 0.06977042059103648 26
1769110818823 0.06444664079962033 27
1769110821223 0.05391673475415224 28
1769110823664 0.0424325296189636 29
1769110826124 0.05504151118830556 30
1769110828550 0.060100688510352655 31
1769110830872 0.05681576945685914 32
1769110833338 0.03789515478447789 33
1769110835747 0.041734027465628015 34
1769110838106 0.05111773730632627 35
1769110840560 0.052172094478183204 36
1769110842891 0.044162770722150094 37
1769110845306 0.03844950186266076 38
1769110847590 0.0337219540850215 39
