1769111008234 0.9870991522300037 0
1769111010807 0.9907851087357169 1
1769111013233 0.989679321784003 2
1769111015705 0.9929966826391449 3
1769111018099 0.9915223000368596 4
1769111020497 0.9933652782897162 5
1769111023024 0.9933652782897162 6
1769111025440 0.9926280869885735 7
1769111027875 0.9926280869885735 8
1769111030268 0.989679321784003 9
1769111032679 0.9907851087357169 10
1769111035148 0.9941024695908588 11
1769111037679 0.9907851087357169 12
1769111040221 0.9929966826391449 13
1769111042707 0.9941024695908588 14
1769111045179 0.9941024695908588 15
1769111047673 0.9929966826391449 16
1769111050031 0.9941024695908588 17
1769111052503 0.9948396608920015 18
1769111054912 0.9944710652414301 19
1769111057269 0.9952082565425728 20
1769111059679 0.9970512347954295 21
1769111062075 0.9948396608920015 22
1769111099691 0.9845189826760045 0
1769111101644 0.9867305565794323 1
1769111103668 0.9893107261334316 2
1769111105614 0.987467747880575 3
1769111107580 0.9904165130851456 4
1769111109478 0.9911537043862882 5
1769111111477 0.9900479174345743 6
1769111113426 0.9926280869885735 7
1769111115369 0.9911537043862882 8
1769111117306 0.9929966826391449 9
1769111119237 0.9926280869885735 10
1769111121204 0.987467747880575 11
