1769110754562 0.3271558245083207 0
1769110757004 0.6565809379727685 1
1769110759402 0.764750378214826 2
1769110761767 0.8400151285930408 3
1769110764147 0.8808623298033282 4
1769110766476 0.8978819969742814 5
1769110768851 0.916036308623298 6
1769110771167 0.9186838124054463 7
1769110773567 0.9394856278366112 8
1769110775939 0.9375945537065052 9
1769110778329 0.9485627836611196 10
1769110780801 0.949697428139183 11
1769110783130 0.9531013615733737 12
1769110785499 0.9610438729198184 13
1769110787936 0.9595310136157338 14
1769110790215 0.9686081694402421 15
1769110792593 0.9636913767019667 16
1769110795001 0.9686081694402421 17
1769110797400 0.9773071104387292 18
1769110799776 0.9765506807866868 19
1769110802157 0.9731467473524962 20
1769110804515 0.9814674735249622 21
1769110806952 0.9776853252647504 22
1769110809349 0.9784417549167927 23
1769110811698 0.9837367624810892 24
1769110814061 0.9829803328290468 25
1769110816412 0.9803328290468987 26
1769110818823 0.9773071104387292 27
1769110821223 0.9803328290468987 28
1769110823664 0.9860060514372163 29
1769110826124 0.9882753403933434 30
1769110828550 0.9829803328290468 31
1769110830872 0.9822239031770046 32
1769110833338 0.9886535552193646 33
1769110835747 0.9867624810892587 34
1769110838106 0.9829803328290468 35
1769110840560 0.9848714069591528 36
1769110842891 0.9860060514372163 37
1769110845306 0.9863842662632375 38
1769110847590 0.9913010590015129 39
