1769009719143 1.6872758751823789 0
1769009735870 0.8659438937902451 1
1769009752490 0.5431880259088108 2
1769009769061 0.4212250686472371 3
1769009785546 0.3642985343578316 4
1769009802289 0.30679002927527543 5
1769009818973 0.24622417028461183 6
1769009835555 0.22503717766986006 7
1769009852144 0.19131127860219704 8
1769009868834 0.1849441332299085 9
1769009885658 0.1522719558062298 10
1769009902188 0.1426884962822355 11
1769009918708 0.1475255940597327 12
1769009935534 0.1504931586594986 13
1769009952736 0.12110073263535187 14
1769009969157 0.11375596946371454 15
1769009985675 0.09878896415743622 16
1769010002344 0.08329692896499875 17
1769010019190 0.08772835288462895 18
1769010035658 0.08360840018749946 19
1769010052347 0.09828278891343091 20
1769010068863 0.07362979551821593 21
1769010085666 0.07703448184821311 22
1769010102072 0.07506293932064659 23
1769010118583 0.07337964129900294 24
1769010135034 0.0596101103084428 25
1769010151858 0.05617534586261692 26
1769010168526 0.06581990994856737 27
1769009719143 1.6872758751823789 0
1769009719143 1.6872758751823789 0
1769009719143 1.6872758751823789 0
