1769009719143 0.38213213213213215 0
1769009735870 0.7312312312312312 1
1769009752490 0.8224474474474475 2
1769009769061 0.8693693693693694 3
1769009785546 0.8828828828828829 4
1769009802289 0.9005255255255256 5
1769009818973 0.9159159159159159 6
1769009835555 0.9268018018018018 7
1769009852144 0.9369369369369369 8
1769009868834 0.9403153153153153 9
1769009885658 0.9496996996996997 10
1769009902188 0.9545795795795796 11
1769009918708 0.9534534534534534 12
1769009935534 0.9545795795795796 13
1769009952736 0.9654654654654654 14
1769009969157 0.9628378378378378 15
1769009985675 0.9658408408408409 16
1769010002344 0.975975975975976 17
1769010019190 0.9718468468468469 18
1769010035658 0.9737237237237237 19
1769010052347 0.9647147147147147 20
1769010068863 0.9756006006006006 21
1769010085666 0.9771021021021021 22
1769010102072 0.9763513513513513 23
1769010118583 0.9733483483483484 24
1769010135034 0.9812312312312312 25
1769010151858 0.9797297297297297 26
1769010168526 0.978978978978979 27
1769009719143 0.38213213213213215 0
1769009719143 0.38213213213213215 0
1769009719143 0.38213213213213215 0
