1769108435845 0.3561946902654867 0
1769108438283 0.6688790560471977 1
1769108440776 0.7798672566371682 2
1769108443343 0.851401179941003 3
1769108445916 0.8702064896755162 4
1769108448389 0.9070796460176991 5
1769108450921 0.915929203539823 6
1769108453367 0.9362094395280236 7
1769108455897 0.9292035398230089 8
1769108458419 0.9457964601769911 9
1769108460973 0.946165191740413 10
1769108463433 0.9494837758112095 11
1769108465892 0.9553834808259587 12
1769108468333 0.9623893805309734 13
1769108470773 0.9653392330383481 14
1769108473285 0.9693952802359882 15
1769108475704 0.9705014749262537 16
1769108478200 0.9701327433628318 17
1769108480586 0.9782448377581121 18
1769108482988 0.9723451327433629 19
1769108485526 0.9767699115044248 20
