1769108435845 1.7437032987905103 0
1769108438283 1.1009918284970661 1
1769108440776 0.6941676881424216 2
1769108443343 0.47284991935242054 3
1769108445916 0.3912875212209169 4
1769108448389 0.29516927048910496 5
1769108450921 0.2658921112847883 6
1769108453367 0.21265451055626536 7
1769108455897 0.19486638851637064 8
1769108458419 0.17303861348434937 9
1769108460973 0.17120140972872114 10
1769108463433 0.1366142488496248 11
1769108465892 0.1266407883877671 12
1769108468333 0.11195292419125867 13
1769108470773 0.11054753906331784 14
1769108473285 0.09677474304687145 15
1769108475704 0.08373818057047766 16
1769108478200 0.08247183650991945 17
1769108480586 0.0756686101342703 18
1769108482988 0.09373250616671042 19
1769108485526 0.07410569501997427 20
