1769108329010 1.774376196520669 0
1769108332081 1.1402464494818734 1
1769108334593 0.6934131738685426 2
1769108337217 0.4864117063227154 3
1769108339980 0.3829575553536415 4
1769108342601 0.36376133986881803 5
1769108345211 0.32027186098552884 6
1769108347790 0.2698859366632643 7
1769108350278 0.22324726322577113 8
1769108352713 0.22807969135187922 9
1769108355096 0.19634150509678183 10
1769108357543 0.14062991303702196 11
1769108359959 0.13152172256793296 12
1769108362307 0.15871448131899038 13
1769108364656 0.12584863851467767 14
1769108367028 0.1088936280104376 15
1769108369395 0.11732007004320621 16
1769108371800 0.11894249299629814 17
1769108374137 0.10709189570375852 18
1769108376579 0.10618907155557758 19
