1769108522779 0.9421091445427728 0
1769108525309 0.9428466076696165 1
1769108527884 0.948377581120944 2
1769108530440 0.9457964601769911 3
1769108532877 0.952433628318584 4
1769108535297 0.9583333333333334 5
1769108537807 0.9531710914454278 6
1769108540215 0.9572271386430679 7
1769108542595 0.9612831858407079 8
1769108545078 0.9638643067846607 9
1769108547661 0.9638643067846607 10
1769108550145 0.9657079646017699 11
1769108552522 0.9587020648967551 12
1769108554927 0.967551622418879 13
1769108557407 0.9638643067846607 14
1769108595377 0.9446902654867256 0
1769108597427 0.9469026548672567 1
1769108599459 0.9535398230088495 2
1769108601389 0.9561209439528023 3
1769108603337 0.9535398230088495 4
1769108605272 0.9557522123893806 5
1769108607210 0.9542772861356932 6
1769108609127 0.9587020648967551 7
1769108611176 0.9601769911504425 8
1769108613088 0.9594395280235988 9
1769108615033 0.9601769911504425 10
1769108617023 0.9605457227138643 11
1769108618906 0.9646017699115044 12
1769108620818 0.9686578171091446 13
1769108622674 0.9605457227138643 14
1769108624591 0.9657079646017699 15
1769108626572 0.9649705014749262 16
1769108628490 0.9657079646017699 17
1769108630488 0.9690265486725663 18
1769108632528 0.9727138643067846 19
1769108634430 0.9727138643067846 20
1769108636389 0.9723451327433629 21
1769108638336 0.971976401179941 22
1769108640269 0.9690265486725663 23
1769108642282 0.9705014749262537 24
1769108644149 0.9708702064896755 25
1769108646113 0.9749262536873157 26
1769108647995 0.9679203539823009 27
