1769108522779 0.18969824191096218 0
1769108525309 0.1832521916475407 1
1769108527884 0.17006956456705583 2
1769108530440 0.16330842301249504 3
1769108532877 0.15869415456125902 4
1769108535297 0.14439776825696923 5
1769108537807 0.14151506446475207 6
1769108540215 0.13103611498724582 7
1769108542595 0.13661506035646728 8
1769108545078 0.11977542546945949 9
1769108547661 0.12622711443623832 10
1769108550145 0.11950479954654394 11
1769108552522 0.12401180038618487 12
1769108554927 0.1122827522976454 13
1769108557407 0.12199558707517247 14
1769108595377 0.18060938390188438 0
1769108597427 0.1821388791986676 1
1769108599459 0.16015775752968567 2
1769108601389 0.15679057635540186 3
1769108603337 0.1603358372352844 4
1769108605272 0.15084136641302773 5
1769108607210 0.1448985684749692 6
1769108609127 0.14554835422787554 7
1769108611176 0.12829628734048024 8
1769108613088 0.13150212116712748 9
1769108615033 0.13130013592714487 10
1769108617023 0.13326729998685594 11
1769108618906 0.1265647815930289 12
1769108620818 0.12494854499087778 13
1769108622674 0.1305908118049766 14
1769108624591 0.11141520651967027 15
1769108626572 0.11356659363522086 16
1769108628490 0.10979757830500603 17
1769108630488 0.1078605216949485 18
1769108632528 0.1041900158621544 19
1769108634430 0.10108754394012828 20
1769108636389 0.0959801445606836 21
1769108638336 0.09745057620281397 22
1769108640269 0.10213571427346663 23
1769108642282 0.09641538776977118 24
1769108644149 0.09470213897699534 25
1769108646113 0.08689303566203561 26
1769108647995 0.09510998471185218 27
