1769108329010 0.3443683409436834 0
1769108332081 0.6624809741248098 1
1769108334593 0.7773972602739726 2
1769108337217 0.8515981735159818 3
1769108339980 0.882420091324201 4
1769108342601 0.8877473363774734 5
1769108345211 0.9048706240487062 6
1769108347790 0.9121004566210046 7
1769108350278 0.9307458143074582 8
1769108352713 0.9425418569254186 9
1769108355096 0.9364535768645358 10
1769108357543 0.9596651445966514 11
1769108359959 0.958523592085236 12
1769108362307 0.9600456621004566 13
1769108364656 0.9573820395738204 14
1769108367028 0.9649923896499238 15
1769108369395 0.9615677321156774 16
1769108371800 0.9729832572298326 17
1769108374137 0.963089802130898 18
1769108376579 0.9722222222222222 19
