1769014463240 0.4122280570142536 0
1769014479524 0.7336834208552138 1
1769014496234 0.8244561140285072 2
1769014512570 0.8634658664666166 3
1769014529036 0.8825956489122281 4
1769014545397 0.9069767441860465 5
1769014561994 0.9152288072018004 6
1769014578417 0.9249812453113279 7
1769014594721 0.9384846211552889 8
1769014611404 0.945986496624156 9
1769014628197 0.9411102775693924 10
1769014644512 0.9516129032258065 11
1769014660979 0.9516129032258065 12
1769014677402 0.95423855963991 13
1769014693989 0.9568642160540135 14
1769014710322 0.9561140285071268 15
1769014726847 0.9643660915228808 16
1769014744106 0.9767441860465116 17
1769014760847 0.9647411852963241 18
1769014777596 0.9707426856714179 19
1769014794289 0.9752438109527382 20
1769014810848 0.9711177794448612 21
1769014827429 0.9774943735933983 22
1769014844383 0.9744936234058514 23
1769014860789 0.9752438109527382 24
1769014877011 0.9759939984996249 25
1769014893560 0.9819954988747187 26
1769014910266 0.977119279819955 27
1769014926721 0.9849962490622656 28
1769014943069 0.986496624156039 29
1769014959369 0.9838709677419355 30
1769014976048 0.9883720930232558 31
1769014993270 0.9872468117029257 32
1769015009967 0.9823705926481621 33
1769015026386 0.9842460615153789 34
1769015043034 0.9838709677419355 35
1769015059607 0.9861215303825956 36
1769015076163 0.9902475618904726 37
1769015092550 0.9797449362340586 38
1769015109265 0.9872468117029257 39
1769015125765 0.9902475618904726 40
1769014463240 0.4122280570142536 0
1769014463240 0.4122280570142536 0
1769014463240 0.4122280570142536 0
