1769014463240 1.61374992841766 0
1769014479524 0.8467982443315643 1
1769014496234 0.5419990548065731 2
1769014512570 0.41573075329264003 3
1769014529036 0.3513287649977775 4
1769014545397 0.29478948802820276 5
1769014561994 0.2608042373543694 6
1769014578417 0.22280204952472732 7
1769014594721 0.1961745105329014 8
1769014611404 0.18595714279494824 9
1769014628197 0.17378463709194744 10
1769014644512 0.14171148313298113 11
1769014660979 0.15471642719404327 12
1769014677402 0.13005239631803261 13
1769014693989 0.11726347477884874 14
1769014710322 0.1451058359594927 15
1769014726847 0.10047902844269715 16
1769014744106 0.08239800495184249 17
1769014760847 0.09957298439639133 18
1769014777596 0.0891224093280644 19
1769014794289 0.08457282981613562 20
1769014810848 0.08302921028475144 21
1769014827429 0.07183352601991612 22
1769014844383 0.08026449371217972 23
1769014860789 0.08282143933909192 24
1769014877011 0.07062216235568658 25
1769014893560 0.06958349070156969 26
1769014910266 0.07704810620773406 27
1769014926721 0.055418573486219556 28
1769014943069 0.046936758513939345 29
1769014959369 0.0525244202719824 30
1769014976048 0.04723545904770227 31
1769014993270 0.04358364984121484 32
1769015009967 0.054644757678033784 33
1769015026386 0.05062538329678189 34
1769015043034 0.055708087786721684 35
1769015059607 0.043126152303080915 36
1769015076163 0.032843337304213835 37
1769015092550 0.06282406829718855 38
1769015109265 0.036835570323524906 39
1769015125765 0.034203222539785895 40
1769014463240 1.61374992841766 0
1769014463240 1.61374992841766 0
1769014463240 1.61374992841766 0
