1769007583576 0.4307004470938897 0
1769007600270 0.7455290611028316 1
1769007616784 0.8315946348733234 2
1769007633240 0.8647540983606558 3
1769007649724 0.8852459016393442 4
1769007666471 0.9094634873323398 5
1769007683348 0.912816691505216 6
1769007700726 0.9307004470938898 7
1769007717516 0.9381520119225037 8
1769007734241 0.9422503725782414 9
1769007750818 0.9545454545454546 10
1769007767584 0.9485842026825634 11
1769007784393 0.9608792846497765 12
1769007801016 0.9660953800298062 13
1769007817672 0.9582712369597616 14
1769007834276 0.9646050670640834 15
1769007850785 0.9646050670640834 16
1769007867371 0.9679582712369598 17
1769007884316 0.9731743666169895 18
1769007900786 0.9821162444113264 19
1769007917162 0.9705663189269746 20
1769007933677 0.9769001490312966 21
1769007950476 0.9772727272727273 22
1769007966849 0.9795081967213115 23
1769007985357 0.982488822652757 24
1769008003836 0.9821162444113264 25
1769008022679 0.982488822652757 26
1769008041280 0.9806259314456036 27
1769008059670 0.9795081967213115 28
1769008078258 0.9817436661698957 29
1769008096773 0.9847242921013413 30
1769008115137 0.9798807749627422 31
1769008133620 0.9754098360655737 32
1769008152264 0.9832339791356185 33
1769008170771 0.9854694485842027 34
1769008189413 0.9910581222056631 35
1769008207970 0.9899403874813711 36
1769008226453 0.9854694485842027 37
1769008243141 0.9891952309985097 38
1769008261500 0.9918032786885246 39
1769008279808 0.9906855439642325 40
1769008298466 0.9850968703427719 41
1769007583576 0.4307004470938897 0
1769007583576 0.4307004470938897 0
1769007583576 0.4307004470938897 0
