1769007583576 1.6061616894744692 0
1769007600270 0.8386328873180208 1
1769007616784 0.5357332894844669 2
1769007633240 0.42023002444988206 3
1769007649724 0.3393354608366887 4
1769007666471 0.2879423758103734 5
1769007683348 0.2555687885199274 6
1769007700726 0.21755137392097995 7
1769007717516 0.20116187942524752 8
1769007734241 0.1865743193997159 9
1769007750818 0.15584597814207277 10
1769007767584 0.15701407591058386 11
1769007784393 0.13166760256336557 12
1769007801016 0.11612458544827643 13
1769007817672 0.11875835917003098 14
1769007834276 0.1071351055011508 15
1769007850785 0.10334093192969226 16
1769007867371 0.09607741920765311 17
1769007884316 0.0884344018108788 18
1769007900786 0.06627992018392044 19
1769007917162 0.09566311868617222 20
1769007933677 0.0725465767706434 21
1769007950476 0.07305468152099777 22
1769007966849 0.06316783910040699 23
1769007985357 0.05374165212491616 24
1769008003836 0.055107628782501535 25
1769008022679 0.05941654866217591 26
1769008041280 0.057978180292550294 27
1769008059670 0.0630775728772971 28
1769008078258 0.05649562408160862 29
1769008096773 0.05200399328965605 30
1769008115137 0.055022842214731055 31
1769008133620 0.0718400408486126 32
1769008152264 0.05689519162045881 33
1769008170771 0.04242157673607359 34
1769008189413 0.03066400688147128 35
1769008207970 0.03818532209732525 36
1769008226453 0.04356929054483771 37
1769008243141 0.04291933936266495 38
1769008261500 0.02730734498306577 39
1769008279808 0.03171565998179306 40
1769008298466 0.04443820023360396 41
1769007583576 1.6061616894744692 0
1769007583576 1.6061616894744692 0
1769007583576 1.6061616894744692 0
