1769013060909 1.6337253082366217 0
1769013077516 0.8563436823231834 1
1769013094038 0.5708643393147559 2
1769013110891 0.4409781630550112 3
1769013127423 0.3583423202591283 4
1769013144075 0.2980999242336977 5
1769013160684 0.2602598603282656 6
1769013177547 0.22527316789187135 7
1769013194837 0.19219343599286817 8
1769013211496 0.16744229412593303 9
1769013228101 0.16656023396977357 10
1769013244988 0.15001050671119065 11
1769013261842 0.14075607402871051 12
1769013278382 0.13266756062928056 13
1769013294908 0.11375368570554115 14
1769013311505 0.10072476886922405 15
1769013328147 0.10236747379946921 16
1769013344788 0.11194474557747267 17
1769013361348 0.08540962394770413 18
1769013377825 0.07933781221730724 19
1769013394624 0.09438396218631949 20
1769013411152 0.07916449117363386 21
1769013427639 0.07920790613362831 22
1769013060909 1.6337253082366217 0
1769013060909 1.6337253082366217 0
1769013060909 1.6337253082366217 0
