1769013060909 0.39737827715355806 0
1769013077516 0.7310861423220973 1
1769013094038 0.8089887640449438 2
1769013110891 0.8569288389513109 3
1769013127423 0.8868913857677903 4
1769013144075 0.9104868913857678 5
1769013160684 0.9205992509363295 6
1769013177547 0.9262172284644195 7
1769013194837 0.9393258426966292 8
1769013211496 0.9430711610486892 9
1769013228101 0.9441947565543071 10
1769013244988 0.9520599250936329 11
1769013261842 0.9535580524344569 12
1769013278382 0.9569288389513109 13
1769013294908 0.9632958801498127 14
1769013311505 0.9655430711610486 15
1769013328147 0.9677902621722847 16
1769013344788 0.9621722846441948 17
1769013361348 0.9726591760299625 18
1769013377825 0.9745318352059925 19
1769013394624 0.9647940074906367 20
1769013411152 0.9741573033707865 21
1769013427639 0.9722846441947566 22
1769013060909 0.39737827715355806 0
1769013060909 0.39737827715355806 0
1769013060909 0.39737827715355806 0
