1769002558232 0.11072457661895557 0
1769002575717 0.10212239394570853 1
1769002593062 0.11770657614566558 2
1769002610396 0.08981357192144145 3
1769002627918 0.08699278522629378 4
1769002645253 0.09371196028105049 5
1769002662349 0.08982272437492082 6
1769002679399 0.09279059434612823 7
1769002696619 0.08425860876910561 8
1769002713854 0.07418011504138798 9
1769002730970 0.07107641858720155 10
1769002748024 0.06379117338030144 11
1769002765224 0.07824846710684862 12
1769002782677 0.06763278104927997 13
1769002799863 0.05849164587900389 14
1769002816997 0.058666012141593664 15
1769002834423 0.07632476822364816 16
1769002851808 0.08358218355190962 17
1769002868938 0.0814936349796521 18
1769002886064 0.06889384576704266 19
1769002558232 0.11072457661895557 0
