1769002558232 0.9665809768637532 0
1769002575717 0.9735585751009915 1
1769002593062 0.9658464928387808 2
1769002610396 0.9746603011384503 3
1769002627918 0.9753947851634227 4
1769002645253 0.9757620271759089 5
1769002662349 0.974293059125964 6
1769002679399 0.9735585751009915 7
1769002696619 0.9753947851634227 8
1769002713854 0.9809034153507161 9
1769002730970 0.9798016893132574 10
1769002748024 0.9834741094381197 11
1769002765224 0.9812706573632024 12
1769002782677 0.9798016893132574 13
1769002799863 0.9838413514506059 14
1769002816997 0.9834741094381197 15
1769002834423 0.9798016893132574 16
1769002851808 0.9809034153507161 17
1769002868938 0.9794344473007712 18
1769002886064 0.9820051413881749 19
1769002558232 0.9665809768637532 0
