1769002169700 1.6511016567069363 0
1769002186755 0.8962990418974176 1
1769002203671 0.5632016956806183 2
1769002220745 0.4241800003023033 3
1769002237519 0.35058269218867083 4
1769002254105 0.3020678787346346 5
1769002270848 0.29506133097302484 6
1769002287713 0.24662621005112867 7
1769002304463 0.19539011408945164 8
1769002321352 0.1806231278881251 9
1769002338044 0.16938116980424847 10
1769002354960 0.14638748473252158 11
1769002371937 0.159647136926651 12
1769002388905 0.14447027056601391 13
1769002405638 0.12107026927083371 14
1769002422544 0.10167973383094173 15
1769002439354 0.11161220926477249 16
1769002456031 0.09717555255460811 17
1769002472913 0.07798470261630165 18
1769002489788 0.09136628004980374 19
1769002506629 0.09534197061109435 20
1769002523322 0.10049792288252747 21
1769002539816 0.06880989427824157 22
1769002169700 1.6511016567069363 0
1769002169700 1.6511016567069363 0
1769002169700 1.6511016567069363 0
