1769002169700 0.3869137670196672 0
1769002186755 0.7197428139183056 1
1769002203671 0.8158093797276853 2
1769002220745 0.8664901664145235 3
1769002237519 0.8876701966717095 4
1769002254105 0.899016641452345 5
1769002270848 0.903555219364599 6
1769002287713 0.9277609682299546 7
1769002304463 0.9372163388804842 8
1769002321352 0.9409984871406959 9
1769002338044 0.9444024205748865 10
1769002354960 0.9531013615733737 11
1769002371937 0.9493192133131618 12
1769002388905 0.9531013615733737 13
1769002405638 0.959909228441755 14
1769002422544 0.966338880484115 15
1769002439354 0.9655824508320726 16
1769002456031 0.9682299546142209 17
1769002472913 0.9750378214826021 18
1769002489788 0.9686081694402421 19
1769002506629 0.9633131618759455 20
1769002523322 0.9667170953101362 21
1769002539816 0.9776853252647504 22
1769002169700 0.3869137670196672 0
1769002169700 0.3869137670196672 0
1769002169700 0.3869137670196672 0
