1769009076288 0.3767790262172285 0
1769009093004 0.7104868913857678 1
1769009109772 0.8048689138576779 2
1769009126728 0.8569288389513109 3
1769009143287 0.8921348314606742 4
1769009160006 0.9048689138576779 5
1769009176842 0.9172284644194757 6
1769009193898 0.9288389513108615 7
1769009210600 0.9348314606741573 8
1769009227179 0.9438202247191011 9
1769009243726 0.9438202247191011 10
1769009260746 0.9486891385767791 11
1769009277397 0.954307116104869 12
1769009294009 0.9636704119850187 13
1769009310607 0.9677902621722847 14
1769009327524 0.9610486891385768 15
1769009344756 0.9707865168539326 16
1769009361356 0.9752808988764045 17
1769009377994 0.9711610486891386 18
1769009394846 0.9700374531835206 19
1769009411387 0.9790262172284644 20
1769009427859 0.9685393258426966 21
1769009444392 0.9726591760299625 22
1769009461211 0.9790262172284644 23
1769009477870 0.9749063670411985 24
1769009494425 0.9779026217228465 25
1769009076288 0.3767790262172285 0
1769009076288 0.3767790262172285 0
1769009076288 0.3767790262172285 0
