1769009076288 1.6710512822582608 0
1769009093004 0.8889657195125308 1
1769009109772 0.5754177332634017 2
1769009126728 0.4306839741766453 3
1769009143287 0.3384598254093102 4
1769009160006 0.29124523761371773 5
1769009176842 0.2554813403458822 6
1769009193898 0.2205812350979873 7
1769009210600 0.1885491774993993 8
1769009227179 0.16906170671184859 9
1769009243726 0.16822884677510178 10
1769009260746 0.16107713624036737 11
1769009277397 0.14708469198307111 12
1769009294009 0.11757870109397031 13
1769009310607 0.11162276540528096 14
1769009327524 0.11270953233664234 15
1769009344756 0.09024592840467535 16
1769009361356 0.07970662209914908 17
1769009377994 0.09035096796495574 18
1769009394846 0.09638688180573463 19
1769009411387 0.0713803029475024 20
1769009427859 0.09362094198808163 21
1769009444392 0.08204676102225979 22
1769009461211 0.06510332322102927 23
1769009477870 0.06982854563587655 24
1769009494425 0.0773492607349042 25
1769009076288 1.6710512822582608 0
1769009076288 1.6710512822582608 0
1769009076288 1.6710512822582608 0
