1768989081139 1.6453287888722248 0
1768989119732 0.8506435066102499 1
1768989158334 0.5679319734314838 2
1768989199511 0.42423508415021094 3
1768989238700 0.3401031291269394 4
1768989279717 0.30617833622248775 5
1768989318574 0.24492126173642745 6
1768989359765 0.22103594297386078 7
1768989398601 0.19231405706111207 8
1768989437521 0.17083128743681564 9
1768989478488 0.16027094971343694 10
1768989517303 0.15744242547865372 11
1768989557786 0.13096867935978865 12
1768989596598 0.12747403710003358 13
1768989636283 0.0999896824808724 14
1768989676602 0.10137495454625194 15
1768989716434 0.10895659326833773 16
1768989757437 0.08085624528038933 17
1768989796910 0.09292636451547046 18
1768989837950 0.08561957941715975 19
1768989878579 0.08369447402543871 20
1768989919510 0.05900954392301031 21
1768989958929 0.07441408253633922 22
1768990000276 0.06617074611832399 23
1768989081139 1.6453287888722248 0
1768989081139 1.6453287888722248 0
1768989081139 1.6453287888722248 0
