1768989081139 0.4111195158850227 0
1768989119732 0.7299546142208775 1
1768989158334 0.8078668683812406 2
1768989199511 0.8589258698940998 3
1768989238700 0.890695915279879 4
1768989279717 0.8933434190620272 5
1768989318574 0.9217095310136157 6
1768989359765 0.9281391830559758 7
1768989398601 0.9345688350983359 8
1768989437521 0.9493192133131618 9
1768989478488 0.947428139183056 10
1768989517303 0.949697428139183 11
1768989557786 0.9587745839636914 12
1768989596598 0.9591527987897126 13
1768989636283 0.9670953101361573 14
1768989676602 0.966338880484115 15
1768989716434 0.9625567322239031 16
1768989757437 0.9720121028744326 17
1768989796910 0.9686081694402421 18
1768989837950 0.9746596066565809 19
1768989878579 0.9750378214826021 20
1768989919510 0.9799546142208775 21
1768989958929 0.9735249621785174 22
1768990000276 0.9799546142208775 23
1768989081139 0.4111195158850227 0
1768989081139 0.4111195158850227 0
1768989081139 0.4111195158850227 0
