1769006142311 1.6480711813432625 0
1769006159351 0.8834882055420473 1
1769006176071 0.5643735606986356 2
1769006193075 0.45275305121778003 3
1769006209871 0.36765433093869543 4
1769006227671 0.2917151750031724 5
1769006245101 0.25769740675228187 6
1769006262637 0.22015680960682502 7
1769006279934 0.2000668018787022 8
1769006297703 0.16520866881831583 9
1769006314708 0.1537177218460893 10
1769006331475 0.1509073396067483 11
1769006348322 0.12844074649893375 12
1769006365344 0.11892397690519511 13
1769006382157 0.11112352301288082 14
1769006399504 0.12682788635054268 15
1769006417117 0.09685506572924464 16
1769006142311 1.6480711813432625 0
1769006142311 1.6480711813432625 0
1769006142311 1.6480711813432625 0
