1769006436143 0.2132228321807329 0
1769006453284 0.18455416540247063 1
1769006470373 0.17259474566509558 2
1769006488083 0.17267589559128813 3
1769006506046 0.17249888307306654 4
1769006523549 0.15993487159180086 5
1769006540997 0.152908269575862 6
1769006558639 0.15931609615163747 7
1769006576498 0.16441771041515263 8
1769006593740 0.1627941657897345 9
1769006611068 0.15200591072180245 10
1769006628739 0.12282820303686136 11
1769006646061 0.13521685916930437 12
1769006436143 0.2132228321807329 0
