1769006142311 0.40874811463046756 0
1769006159351 0.722473604826546 1
1769006176071 0.8239064856711915 2
1769006193075 0.8589743589743589 3
1769006209871 0.8812217194570136 4
1769006227671 0.9076168929110106 5
1769006245101 0.9170437405731523 6
1769006262637 0.9287330316742082 7
1769006279934 0.9362745098039216 8
1769006297703 0.9479638009049773 9
1769006314708 0.9490950226244343 10
1769006331475 0.951734539969834 11
1769006348322 0.9562594268476622 12
1769006365344 0.9562594268476622 13
1769006382157 0.9630467571644042 14
1769006399504 0.9611613876319759 15
1769006417117 0.9694570135746606 16
1769006142311 0.40874811463046756 0
1769006142311 0.40874811463046756 0
1769006142311 0.40874811463046756 0
