1768996971494 0.40436746987951805 0
1768997012419 0.7213855421686747 1
1768997051145 0.8249246987951807 2
1768997090230 0.8606927710843374 3
1768997129110 0.884789156626506 4
1768997169450 0.9006024096385542 5
1768997208515 0.9273343373493976 6
1768997248703 0.9265813253012049 7
1768997290025 0.9341114457831325 8
1768997329346 0.9378765060240963 9
1768997369082 0.9439006024096386 10
1768997408110 0.9533132530120482 11
1768997434733 0.9597138554216867 12
1768997451617 0.9619728915662651 13
1768997467997 0.9623493975903614 14
1768997484296 0.9597138554216867 15
1768997500652 0.9653614457831325 16
1768997516996 0.9649849397590361 17
1768996971494 0.40436746987951805 0
1768996971494 0.40436746987951805 0
1768996971494 0.40436746987951805 0
