1768996971494 1.6262390082141003 0
1768997012419 0.8536465907671366 1
1768997051145 0.5369243763656502 2
1768997090230 0.4305781582033778 3
1768997129110 0.3526626076683941 4
1768997169450 0.291493910622884 5
1768997208515 0.2482669817575489 6
1768997248703 0.22227440141590246 7
1768997290025 0.19566082581877708 8
1768997329346 0.18691951287798134 9
1768997369082 0.17523697144295797 10
1768997408110 0.1461680511528828 11
1768997434733 0.12225678022277642 12
1768997451617 0.10811749685286398 13
1768997467997 0.11028019714180425 14
1768997484296 0.11993715275886906 15
1768997500652 0.10702616530638862 16
1768997516996 0.09901881847440837 17
1768996971494 1.6262390082141003 0
1768996971494 1.6262390082141003 0
1768996971494 1.6262390082141003 0
