1769111654216 0.3152094048493755 0
1769111656871 0.6429096252755327 1
1769111659475 0.7711241734019103 2
1769111662082 0.8328434974283615 3
1769111664639 0.8732549595885378 4
1769111667121 0.9000734753857458 5
1769111669712 0.9155033063923586 6
1769111672435 0.9217487141807494 7
1769111675108 0.9331373989713446 8
1769111677901 0.9426891991182954 9
1769111680654 0.9515062454077884 10
1769111683415 0.9504041146216018 11
1769111686045 0.9548126377663483 12
1769111688793 0.9588537839823659 13
1769111691479 0.9592211609110948 14
1769111694279 0.9691403379867745 15
1769111696990 0.9691403379867745 16
1769111699631 0.9757531227038942 17
1769111702289 0.9717119764878765 18
1769111704990 0.9724467303453344 19
1769111707760 0.9650991917707568 20
1769111710692 0.9801616458486407 21
1769111713461 0.9783247612049963 22
