1769111654216 1.7760726324347562 0
1769111656871 1.1886413111243137 1
1769111659475 0.7280754627183427 2
1769111662082 0.5158872840016387 3
1769111664639 0.4031698402277259 4
1769111667121 0.31637724471646683 5
1769111669712 0.2752963152042655 6
1769111672435 0.22761958976124608 7
1769111675108 0.20740957246270292 8
1769111677901 0.17351115832841674 9
1769111680654 0.15114737033497455 10
1769111683415 0.15357411193639733 11
1769111686045 0.13394157909030138 12
1769111688793 0.13452735586568368 13
1769111691479 0.11235699880608292 14
1769111694279 0.10722226406945738 15
1769111696990 0.09933561262089846 16
1769111699631 0.0783182846079039 17
1769111702289 0.09328381262373092 18
1769111704990 0.08501895272367915 19
1769111707760 0.10480979154276293 20
1769111710692 0.06865837996782259 21
1769111713461 0.06266312428945026 22
