1769111751892 0.17099863056873166 0
1769111754462 0.14407558626560277 1
1769111756897 0.12508725877418075 2
1769111759492 0.12950890615235927 3
1769111762050 0.13328789659710819 4
1769111764453 0.11957887724735015 5
1769111767076 0.12460647800634074 6
1769111769550 0.11058926556346028 7
1769111772044 0.12007989457180333 8
1769111774528 0.10253652999567431 9
1769111776983 0.09973054578484492 10
1769111815328 0.17393105771652487 0
1769111817315 0.1400963444002839 1
1769111819315 0.12421184128453565 2
1769111821224 0.13224099351223126 3
1769111823220 0.12138764412943708 4
1769111825045 0.12074792021235754 5
1769111827034 0.1256384729126165 6
1769111828942 0.10519841261381327 7
1769111830853 0.11843112804168879 8
1769111832819 0.10608665688439857 9
1769111834839 0.11427833633713944 10
