1769111751892 0.9500367376928729 0
1769111754462 0.9551800146950772 1
1769111756897 0.9625275532696547 2
1769111759492 0.9654665686994857 3
1769111762050 0.9577516531961793 4
1769111764453 0.9606906686260103 5
1769111767076 0.9625275532696547 6
1769111769550 0.9669360764144012 7
1769111772044 0.9625275532696547 8
1769111774528 0.9684055841293167 9
1769111776983 0.973548861131521 10
1769111815328 0.9522409992652462 0
1769111817315 0.9562821454812638 1
1769111819315 0.9636296840558413 2
1769111821224 0.9603232916972814 3
1769111823220 0.9617927994121969 4
1769111825045 0.9650991917707568 5
1769111827034 0.964731814842028 6
1769111828942 0.9709772226304189 7
1769111830853 0.9643644379132991 8
1769111832819 0.97060984570169 9
1769111834839 0.9669360764144012 10
