1769111548097 0.3587121212121212 0
1769111550548 0.6484848484848484 1
1769111553000 0.7662878787878787 2
1769111555519 0.8246212121212121 3
1769111557884 0.8666666666666667 4
1769111560218 0.8988636363636363 5
1769111562750 0.9071969696969697 6
1769111565079 0.9227272727272727 7
1769111567527 0.9299242424242424 8
1769111570086 0.9409090909090909 9
1769111572541 0.943939393939394 10
1769111574917 0.9526515151515151 11
1769111577192 0.9522727272727273 12
1769111579650 0.9602272727272727 13
1769111582089 0.9606060606060606 14
1769111584545 0.9666666666666667 15
1769111586987 0.9640151515151515 16
1769111589348 0.9712121212121212 17
1769111591765 0.9651515151515152 18
1769111594261 0.9742424242424242 19
