1769111548097 1.760965074811663 0
1769111550548 1.1510962545871735 1
1769111553000 0.7294941196839014 2
1769111555519 0.5475150084211713 3
1769111557884 0.411669559776783 4
1769111560218 0.320801953119891 5
1769111562750 0.2748717484729631 6
1769111565079 0.2412088926704157 7
1769111567527 0.21712703630328178 8
1769111570086 0.18460883705743722 9
1769111572541 0.172605616883153 10
1769111574917 0.1417636140471413 11
1769111577192 0.14237983187749273 12
1769111579650 0.11921367315309388 13
1769111582089 0.11983404530300981 14
1769111584545 0.11028046152066617 15
1769111586987 0.1026476648680511 16
1769111589348 0.08395268874508995 17
1769111591765 0.1100463058267321 18
1769111594261 0.09048991162507307 19
