1769006664669 1.6619988521897648 0
1769006681036 0.893115365720657 1
1769006697541 0.5478508756103286 2
1769006714238 0.43545772691807116 3
1769006731188 0.33775857360248107 4
1769006748114 0.3020652914980808 5
1769006764786 0.2515797058501876 6
1769006781389 0.20110755436212183 7
1769006797713 0.18978015573538212 8
1769006814251 0.17325760572251067 9
1769006831211 0.14766735655356603 10
1769006848682 0.15211099828312913 11
1769006865687 0.14842262174036489 12
1769006882805 0.10542471872373338 13
1769006899607 0.1108952070283423 14
1769006918596 0.10935121772429311 15
1769006940346 0.09436847654406924 16
1769006957301 0.10270985002146966 17
1769006974210 0.08427147502191813 18
1769006991318 0.07513558857861054 19
1769007008259 0.08850293660940356 20
1769007024898 0.10643233032336077 21
1769007041655 0.06927550440732703 22
1769007058807 0.058421207816306366 23
1769007075377 0.062183305957769774 24
1769007092076 0.07709463401585369 25
1769007109167 0.07929888568504388 26
1769007126052 0.06793168266247733 27
1769007142562 0.06089672597731093 28
1769007158955 0.0501315275134227 29
1769007175519 0.05073693124801818 30
1769007192475 0.05152568161902747 31
1769007209120 0.04561245440314692 32
1769007225619 0.05572092368447008 33
1769007241982 0.03506817024885621 34
1769007259287 0.03689320741013725 35
1769007275898 0.03683141677455236 36
1769007292229 0.033370008680924594 37
1769007308861 0.05191091659439571 38
1769007325582 0.04887623295569456 39
1769007342264 0.04611835577132472 40
1769007358771 0.03981106948522649 41
1769007375151 0.06310992388626988 42
1769006664669 1.6619988521897648 0
1769006664669 1.6619988521897648 0
1769006664669 1.6619988521897648 0
