1769006664669 0.388763197586727 0
1769006681036 0.7043740573152338 1
1769006697541 0.8242835595776772 2
1769006714238 0.8548265460030166 3
1769006731188 0.8996983408748115 4
1769006748114 0.8966817496229261 5
1769006764786 0.9230769230769231 6
1769006781389 0.9343891402714932 7
1769006797713 0.9389140271493213 8
1769006814251 0.9430618401206636 9
1769006831211 0.950603318250377 10
1769006848682 0.9479638009049773 11
1769006865687 0.94947209653092 12
1769006882805 0.9649321266968326 13
1769006899607 0.9596530920060332 14
1769006918596 0.9626696832579186 15
1769006940346 0.9687028657616893 16
1769006957301 0.9694570135746606 17
1769006974210 0.9739819004524887 18
1769006991318 0.975867269984917 19
1769007008259 0.9720965309200603 20
1769007024898 0.9649321266968326 21
1769007041655 0.979260935143288 22
1769007058807 0.9803921568627451 23
1769007075377 0.9796380090497737 24
1769007092076 0.97473604826546 25
1769007109167 0.9732277526395173 26
1769007126052 0.9807692307692307 27
1769007142562 0.9815233785822021 28
1769007158955 0.9849170437405732 29
1769007175519 0.9841628959276018 30
1769007192475 0.9837858220211161 31
1769007209120 0.9811463046757164 32
1769007225619 0.9837858220211161 33
1769007241982 0.9875565610859729 34
1769007259287 0.9909502262443439 35
1769007275898 0.9871794871794872 36
1769007292229 0.9879336349924586 37
1769007308861 0.9845399698340875 38
1769007325582 0.9837858220211161 39
1769007342264 0.9864253393665159 40
1769007358771 0.9864253393665159 41
1769007375151 0.9785067873303167 42
1769006664669 0.388763197586727 0
1769006664669 0.388763197586727 0
1769006664669 0.388763197586727 0
