1768991298847 0.9338964377524789 0
1768991339268 0.9463826661770106 1
1768991384962 0.9482188762394418 2
1768991426548 0.9529930224017628 3
1768991467818 0.9544619904517077 4
1768991509228 0.961439588688946 5
1768991550400 0.9577671685640837 6
1768991591367 0.9588688946015425 7
1768991632591 0.9592361366140286 8
1768991674215 0.9621740727139185 9
1768991714989 0.964744766801322 10
1768991755479 0.9687844289386706 11
1768991796662 0.9621740727139185 12
1768991837631 0.9706206390011017 13
1768991878470 0.9640102827763496 14
1768991918558 0.9680499449136981 15
1768991958765 0.9691516709511568 16
1768991997414 0.9680499449136981 17
1768991298847 0.9338964377524789 0
