1768990539776 1.6366718777691025 0
1768990578300 0.8603500142154923 1
1768990618556 0.5578722375703146 2
1768990657035 0.4386918033102909 3
1768990695434 0.379321231181363 4
1768990735198 0.3124152567372265 5
1768990773724 0.26030691829790553 6
1768990814647 0.2070570362799139 7
1768990853682 0.20188068975526166 8
1768990893572 0.18990350229643196 9
1768990931798 0.17849891538541002 10
1768990972622 0.16162278431366725 11
1768991013189 0.14516195387815137 12
1768991054459 0.12130885479231197 13
1768991095026 0.13128887045096202 14
1768991134548 0.11432497445718352 15
1768991174603 0.10416633411344275 16
1768991215264 0.09403465034058654 17
1768991255701 0.0908477123972612 18
1768990539776 1.6366718777691025 0
1768990539776 1.6366718777691025 0
1768990539776 1.6366718777691025 0
