1768991298847 0.25411447046627833 0
1768991339268 0.1704931960896004 1
1768991384962 0.17422001117970362 2
1768991426548 0.15352601772390825 3
1768991467818 0.14872479941262756 4
1768991509228 0.12391409184783697 5
1768991550400 0.1505567945626586 6
1768991591367 0.13614090627362563 7
1768991632591 0.1243485922297073 8
1768991674215 0.12435807081935711 9
1768991714989 0.11373553210652845 10
1768991755479 0.11751982875081689 11
1768991796662 0.11702631416102481 12
1768991837631 0.10097588635547909 13
1768991878470 0.11900419793849767 14
1768991918558 0.12247972998248283 15
1768991958765 0.10432780139841312 16
1768991997414 0.11462633549993814 17
1768991298847 0.25411447046627833 0
