1768990539776 0.40819423368740515 0
1768990578300 0.7287556904400607 1
1768990618556 0.8216995447647951 2
1768990657035 0.8573596358118362 3
1768990695434 0.8789833080424886 4
1768990735198 0.8945371775417299 5
1768990773724 0.9165402124430956 6
1768990814647 0.9328528072837633 7
1768990853682 0.9385432473444613 8
1768990893572 0.93247344461305 9
1768990931798 0.9408194233687405 10
1768990972622 0.9457511380880121 11
1768991013189 0.9461305007587253 12
1768991054459 0.9590288315629742 13
1768991095026 0.9540971168437026 14
1768991134548 0.9616843702579666 15
1768991174603 0.9673748103186647 16
1768991215264 0.9719271623672231 17
1768991255701 0.9707890743550834 18
1768990539776 0.40819423368740515 0
1768990539776 0.40819423368740515 0
1768990539776 0.40819423368740515 0
