1768982137839 0.4088872292755788 0
1768982176265 0.7374906646751307 1
1768982214602 0.8207617625093353 2
1768982251370 0.8581030619865572 3
1768982289889 0.888722927557879 4
1768982328512 0.8995519044062733 5
1768982365497 0.9152352501867065 6
1768982404295 0.927931292008962 7
1768982444279 0.933159073935773 8
1768982483076 0.9410007468259896 9
1768982521075 0.9495892457057505 10
1768982560325 0.9507094846900672 11
1768982598977 0.9525765496639284 12
1768982636178 0.9592979835698282 13
1768982674217 0.9630321135175504 14
1768982712070 0.9723674383868559 15
1768982752751 0.9578043315907394 16
1768982790164 0.9663928304705004 17
1768982828708 0.9734876773711725 18
1768982867294 0.9712471994025392 19
1768982904145 0.9731142643764003 20
1768982942808 0.9772218073188947 21
1768982979341 0.9813293502613891 22
1768983018344 0.9787154592979835 23
1768983056263 0.9805825242718447 24
1768983094840 0.9813293502613891 25
1768983131639 0.9828230022404779 26
1768983170573 0.986183719193428 27
1768983207535 0.9839432412247946 28
1768983246028 0.9824495892457058 29
1768983284011 0.9824495892457058 30
1768982137839 0.4088872292755788 0
1768982137839 0.4088872292755788 0
1768982137839 0.4088872292755788 0
