1768982137839 1.6213304968107314 0
1768982176265 0.8274045920088178 1
1768982214602 0.5492856394322145 2
1768982251370 0.4199405951159341 3
1768982289889 0.3337241376617125 4
1768982328512 0.300581791482511 5
1768982365497 0.25132806102434796 6
1768982404295 0.2086972174722524 7
1768982444279 0.2060336290991732 8
1768982483076 0.18112389526019493 9
1768982521075 0.1520474351543401 10
1768982560325 0.1414010984645713 11
1768982598977 0.13039465968142308 12
1768982636178 0.1211622760054611 13
1768982674217 0.10300797413635467 14
1768982712070 0.08967487926461867 15
1768982752751 0.1111026142635161 16
1768982790164 0.10284450181782068 17
1768982828708 0.08465974996354253 18
1768982867294 0.07863673441932492 19
1768982904145 0.08406900967072163 20
1768982942808 0.06582842770564769 21
1768982979341 0.05557084328029305 22
1768983018344 0.06277001253883577 23
1768983056263 0.05809847568716144 24
1768983094840 0.06344721552782825 25
1768983131639 0.04938994267112797 26
1768983170573 0.04889149309158148 27
1768983207535 0.048904041870541516 28
1768983246028 0.057643078334097354 29
1768983284011 0.0530442255465979 30
1768982137839 1.6213304968107314 0
1768982137839 1.6213304968107314 0
1768982137839 1.6213304968107314 0
