1769107270416 0.34006610356224753 0
1769107272916 0.6680132207124495 1
1769107275384 0.7822254865956666 2
1769107277927 0.8417186926184356 3
1769107280428 0.8784428938670584 4
1769107282837 0.9037825927286082 5
1769107285350 0.9155343371281675 6
1769107287746 0.9298567756151304 7
1769107290166 0.937201615864855 8
1769107292785 0.9427102460521484 9
1769107295270 0.9467499081894969 10
1769107297779 0.9559309585016526 11
1769107300242 0.9577671685640837 12
1769107302666 0.956665442526625 13
1769107305163 0.9702533969886155 14
1769107307641 0.9621740727139185 15
1769107310203 0.964744766801322 16
1769107312592 0.9698861549761293 17
1769107315063 0.9698861549761293 18
1769107317485 0.9750275431509364 19
1769107319979 0.9764965112008814 20
1769107322424 0.9805361733382298 21
1769107324921 0.9827396254131473 22
1769107327374 0.9805361733382298 23
1769107329898 0.9845758354755784 24
1769107332373 0.9812706573632024 25
