1769107270416 1.7675791174866433 0
1769107272916 1.0982396699661432 1
1769107275384 0.6748802481695663 2
1769107277927 0.4922006452499434 3
1769107280428 0.37469251557838085 4
1769107282837 0.30186102106127627 5
1769107285350 0.2568382901507755 6
1769107287746 0.20810325807610222 7
1769107290166 0.19840490818023682 8
1769107292785 0.18347553527632424 9
1769107295270 0.15813791751861572 10
1769107297779 0.13992467548611554 11
1769107300242 0.11977913507888484 12
1769107302666 0.12985538171474323 13
1769107305163 0.09746402900579364 14
1769107307641 0.10449177680840326 15
1769107310203 0.09467284091163514 16
1769107312592 0.08994043258906798 17
1769107315063 0.09398611574325451 18
1769107317485 0.08231079195041296 19
1769107319979 0.07730146319886973 20
1769107322424 0.06645467054358749 21
1769107324921 0.05924413140949815 22
1769107327374 0.05988709667567597 23
1769107329898 0.05332190075586008 24
1769107332373 0.05930984124194744 25
