1769107369763 0.9698861549761293 0
1769107372233 0.982372383400661 1
1769107374737 0.9853103195005508 2
1769107377258 0.9842085934630922 3
1769107379703 0.9875137715754683 4
1769107382253 0.9911861917003305 5
1769107384695 0.9842085934630922 6
1769107387148 0.9908189496878443 7
1769107389600 0.9930224017627617 8
1769107392169 0.9878810135879544 9
1769107394585 0.9922879177377892 10
1769107396973 0.9922879177377892 11
1769107399430 0.9926551597502754 12
1769107401817 0.9911861917003305 13
1769107404177 0.991920675725303 14
1769107406669 0.9904517076753581 15
1769107409170 0.9915534337128168 16
1769107411578 0.9900844656628718 17
1769107448829 0.9779654792508263 0
1769107450886 0.9816378993756886 1
1769107452832 0.9834741094381197 2
1769107454804 0.9893499816378993 3
1769107456997 0.9845758354755784 4
1769107459143 0.9860448035255234 5
1769107461229 0.9882482556004407 6
1769107463191 0.9875137715754683 7
1769107465145 0.9889827396254132 8
1769107467015 0.9904517076753581 9
1769107469001 0.9889827396254132 10
1769107470965 0.9900844656628718 11
1769107472956 0.9889827396254132 12
