1769107123053 0.3296661608497724 0
1769107125487 0.6870257966616085 1
1769107127941 0.789453717754173 2
1769107130415 0.8444613050075872 3
1769107132799 0.8751896813353566 4
1769107135332 0.9006069802731411 5
1769107137823 0.9138846737481032 6
1769107140246 0.9301972685887708 7
1769107142578 0.93247344461305 8
1769107145042 0.9381638846737481 9
1769107147461 0.9461305007587253 10
1769107149885 0.9499241274658573 11
1769107152348 0.9613050075872535 12
1769107154751 0.9522003034901366 13
1769107157128 0.9635811836115327 14
1769107159556 0.9635811836115327 15
1769107161980 0.9734446130500759 16
1769107164360 0.973823975720789 17
1769107166825 0.9673748103186647 18
1769107169314 0.966236722306525 19
1769107171729 0.9745827010622155 20
1769107174185 0.9711684370257967 21
1769107176622 0.9787556904400607 22
1769107179006 0.9753414264036419 23
1769107181426 0.9650986342943855 24
1769107183948 0.9810318664643399 25
1769107186340 0.9840667678300455 26
1769107188712 0.9844461305007587 27
1769107191119 0.9863429438543247 28
1769107193478 0.9681335356600911 29
1769107195855 0.9848254931714719 30
1769107198224 0.9901365705614568 31
1769107200700 0.9893778452200304 32
1769107203070 0.9867223065250379 33
1769107205417 0.9776176024279211 34
1769107207821 0.9878603945371776 35
1769107210244 0.9889984825493171 36
