1769107123053 1.7451970463707334 0
1769107125487 1.0792943920407976 1
1769107127941 0.683370488740149 2
1769107130415 0.4874775835445949 3
1769107132799 0.3939483467312086 4
1769107135332 0.30867428545440945 5
1769107137823 0.2673816347406024 6
1769107140246 0.21465207104172027 7
1769107142578 0.213595899975016 8
1769107145042 0.20341879519678296 9
1769107147461 0.18362090612451235 10
1769107149885 0.148904878113951 11
1769107152348 0.13152744328337057 12
1769107154751 0.136091660708189 13
1769107157128 0.11394908962150414 14
1769107159556 0.10813142749525252 15
1769107161980 0.08463547662610099 16
1769107164360 0.09882771538659221 17
1769107166825 0.11685747595592624 18
1769107169314 0.09738250382776771 19
1769107171729 0.08468637336045504 20
1769107174185 0.09120281016276706 21
1769107176622 0.07158607089271148 22
1769107179006 0.08593527750954741 23
1769107181426 0.10943312299925656 24
1769107183948 0.058612002104166006 25
1769107186340 0.054246973091115556 26
1769107188712 0.04996036103970948 27
1769107191119 0.06945577516619648 28
1769107193478 0.08828953476179213 29
1769107195855 0.05089515070652678 30
1769107198224 0.03859939410661658 31
1769107200700 0.038390137521283965 32
1769107203070 0.0475675444273899 33
1769107205417 0.08315420706224229 34
1769107207821 0.03829779445991984 35
1769107210244 0.05333371891728824 36
