1769107369763 0.10264804240229518 0
1769107372233 0.06030080540019066 1
1769107374737 0.04874114380326382 2
1769107377258 0.04390518590374742 3
1769107379703 0.04464156267254851 4
1769107382253 0.03308921330066961 5
1769107384695 0.043435834207420435 6
1769107387148 0.03397905909954462 7
1769107389600 0.037585503324259854 8
1769107392169 0.033555871763721455 9
1769107394585 0.03375909276588192 10
1769107396973 0.026882452099735655 11
1769107399430 0.02688891422220094 12
1769107401817 0.03096826143866015 13
1769107404177 0.03084129872623571 14
1769107406669 0.03186553421018775 15
1769107409170 0.03016859612990777 16
1769107411578 0.03287911558047284 17
1769107448829 0.09136377763392967 0
1769107450886 0.060228764122828495 1
1769107452832 0.059600615267490234 2
1769107454804 0.03739836014980494 3
1769107456997 0.042866056893280775 4
1769107459143 0.043507361524673396 5
1769107461229 0.04129364537508335 6
1769107463191 0.043670184195561464 7
1769107465145 0.03634669580280261 8
1769107467015 0.037288797510311354 9
1769107469001 0.03625738781032174 10
1769107470965 0.035219288506913325 11
1769107472956 0.035990586737170815 12
