1769012158782 0.38458646616541353 0
1769012175152 0.7075187969924812 1
1769012191606 0.8112781954887218 2
1769012208065 0.8586466165413534 3
1769012224733 0.8849624060150376 4
1769012241322 0.9105263157894737 5
1769012257614 0.9184210526315789 6
1769012274131 0.9199248120300751 7
1769012290875 0.9349624060150376 8
1769012307217 0.9398496240601504 9
1769012325275 0.9451127819548872 10
1769012347748 0.9526315789473684 11
1769012364472 0.9571428571428572 12
1769012380862 0.9616541353383459 13
1769012397277 0.9676691729323308 14
1769012413616 0.9654135338345865 15
1769012430092 0.9605263157894737 16
1769012446555 0.9725563909774436 17
1769012462846 0.969172932330827 18
1769012479235 0.9755639097744361 19
1769012495884 0.9650375939849624 20
1769012512349 0.9718045112781954 21
1769012528745 0.9740601503759398 22
1769012545193 0.9733082706766917 23
1769012561911 0.9789473684210527 24
1769012578464 0.9789473684210527 25
1769012595164 0.9793233082706767 26
1769012611639 0.9789473684210527 27
1769012628663 0.9695488721804512 28
1769012645231 0.9706766917293234 29
1769012661868 0.9849624060150376 30
1769012158782 0.38458646616541353 0
1769012158782 0.38458646616541353 0
1769012158782 0.38458646616541353 0
