1769012680098 0.9774052478134111 0
1769012697502 0.9814139941690962 1
1769012714682 0.983600583090379 2
1769012731780 0.982871720116618 3
1769012748807 0.9839650145772595 4
1769012766244 0.9868804664723032 5
1769012783355 0.9872448979591837 6
1769012800538 0.9817784256559767 7
1769012817596 0.9883381924198251 8
1769012835161 0.9861516034985423 9
1769012852527 0.989067055393586 10
1769012869881 0.9908892128279884 11
1769012887213 0.9872448979591837 12
1769012904760 0.9894314868804664 13
1769012921884 0.9894314868804664 14
1769012939375 0.9901603498542274 15
1769012956563 0.9887026239067055 16
1769012973930 0.9919825072886297 17
1769012991019 0.9865160349854227 18
1769013008094 0.9930758017492711 19
1769013025136 0.9901603498542274 20
1769013042528 0.9912536443148688 21
1769012680098 0.9774052478134111 0
