1769012680098 0.09157042787951786 0
1769012697502 0.06535930276393544 1
1769012714682 0.05870895599404913 2
1769012731780 0.06332453331628511 3
1769012748807 0.056280463094671454 4
1769012766244 0.0500520953643244 5
1769012783355 0.05013867164420527 6
1769012800538 0.05652074754606326 7
1769012817596 0.043642532632707856 8
1769012835161 0.04742252976676926 9
1769012852527 0.04094300591143195 10
1769012869881 0.035666781986608755 11
1769012887213 0.04368581304998072 12
1769012904760 0.03901287069175999 13
1769012921884 0.0403329057369901 14
1769012939375 0.03869174695627894 15
1769012956563 0.04033223332750589 16
1769012973930 0.03218309961389317 17
1769012991019 0.03998381254360686 18
1769013008094 0.029397315697657855 19
1769013025136 0.03287577266577458 20
1769013042528 0.030015846374607105 21
1769012680098 0.09157042787951786 0
