1769012158782 1.6684563174134208 0
1769012175152 0.9224488437175751 1
1769012191606 0.5825041035811106 2
1769012208065 0.43492671261940685 3
1769012224733 0.358690237537736 4
1769012241322 0.290123719367243 5
1769012257614 0.24228717235937006 6
1769012274131 0.2519481796771288 7
1769012290875 0.20543270948387327 8
1769012307217 0.1900520943371313 9
1769012325275 0.17701744177334366 10
1769012347748 0.17507540620863438 11
1769012364472 0.13595711750288805 12
1769012380862 0.12688904067146636 13
1769012397277 0.10583468950131819 14
1769012413616 0.1281102529194738 15
1769012430092 0.1104377974822585 16
1769012446555 0.08760074094780498 17
1769012462846 0.10141942398400888 18
1769012479235 0.07933721711326923 19
1769012495884 0.12664242524520627 20
1769012512349 0.08740571046447647 21
1769012528745 0.08725902887194284 22
1769012545193 0.08834293639908235 23
1769012561911 0.06811799907812938 24
1769012578464 0.07484228139288635 25
1769012595164 0.07001974828918242 26
1769012611639 0.07055130179616667 27
1769012628663 0.10760662805045113 28
1769012645231 0.08178791526838072 29
1769012661868 0.04798143237297024 30
1769012158782 1.6684563174134208 0
1769012158782 1.6684563174134208 0
1769012158782 1.6684563174134208 0
