1769105751382 1.8047814701878748 0
1769105754136 1.1747176966001822 1
1769105756884 0.684159904718399 2
1769105759527 0.494080793718959 3
1769105762197 0.40243992174780646 4
1769105764906 0.3217402408982432 5
1769105767476 0.2577091801998227 6
1769105769985 0.231137897212838 7
1769105772675 0.1938123044579528 8
1769105775232 0.17790201410304668 9
1769105777715 0.1517162263220133 10
1769105780189 0.12880172710432564 11
1769105782628 0.13322959978913151 12
1769105785115 0.09873221944584402 13
1769105787589 0.12139287885538368 14
1769105790184 0.09514230779956939 15
1769105792661 0.09312569631566835 16
1769105795150 0.07754058499149112 17
1769105797591 0.09199349898411784 18
