1769105751382 0.30763636363636365 0
1769105754136 0.6534545454545454 1
1769105756884 0.7876363636363637 2
1769105759527 0.8418181818181818 3
1769105762197 0.8694545454545455 4
1769105764906 0.8952727272727272 5
1769105767476 0.9145454545454546 6
1769105769985 0.9225454545454546 7
1769105772675 0.9349090909090909 8
1769105775232 0.9421818181818182 9
1769105777715 0.9505454545454546 10
1769105780189 0.9574545454545454 11
1769105782628 0.9574545454545454 12
1769105785115 0.968 13
1769105787589 0.96 14
1769105790184 0.9665454545454546 15
1769105792661 0.9669090909090909 16
1769105795150 0.9727272727272728 17
1769105797591 0.9694545454545455 18
