1769105834901 0.976 0
1769105837751 0.9836363636363636 1
1769105840414 0.9836363636363636 2
1769105842995 0.9865454545454545 3
1769105845560 0.986909090909091 4
1769105848180 0.9872727272727273 5
1769105850760 0.9898181818181818 6
1769105853230 0.9876363636363636 7
1769105855668 0.9847272727272727 8
1769105858086 0.9905454545454545 9
1769105860636 0.9887272727272727 10
1769105863109 0.9901818181818182 11
1769105865581 0.9876363636363636 12
1769105868157 0.9905454545454545 13
1769105870866 0.9938181818181818 14
1769105873396 0.9883636363636363 15
1769105875907 0.9912727272727273 16
1769105878440 0.9901818181818182 17
1769105880864 0.9927272727272727 18
1769105883352 0.9916363636363636 19
1769105921328 0.9741818181818181 0
1769105923353 0.9792727272727273 1
1769105925321 0.9792727272727273 2
1769105927250 0.9887272727272727 3
1769105929261 0.986909090909091 4
1769105931268 0.9836363636363636 5
1769105933182 0.9847272727272727 6
1769105935069 0.9843636363636363 7
1769105936911 0.9825454545454545 8
1769105938863 0.9872727272727273 9
1769105940742 0.9887272727272727 10
1769105942686 0.9872727272727273 11
1769105944797 0.9865454545454545 12
1769105946997 0.9894545454545455 13
1769105949145 0.9890909090909091 14
