1769105613238 0.3139622641509434 0
1769105616373 0.64 1
1769105619064 0.7660377358490567 2
1769105621721 0.8324528301886792 3
1769105624383 0.8750943396226415 4
1769105627101 0.9052830188679245 5
1769105629855 0.9177358490566038 6
1769105632564 0.9339622641509434 7
1769105635040 0.9316981132075471 8
1769105637563 0.9411320754716981 9
1769105640116 0.9433962264150944 10
1769105642776 0.9566037735849057 11
1769105645354 0.9577358490566038 12
1769105647913 0.9520754716981132 13
1769105650494 0.9675471698113207 14
1769105653128 0.9671698113207547 15
1769105655530 0.9766037735849057 16
1769105658024 0.9792452830188679 17
1769105660565 0.9739622641509434 18
1769105663200 0.9750943396226415 19
1769105665801 0.9777358490566038 20
1769105668346 0.980754716981132 21
1769105670842 0.9758490566037736 22
1769105673422 0.9818867924528302 23
1769105675790 0.9837735849056604 24
1769105678201 0.9830188679245283 25
1769105680588 0.979622641509434 26
1769105682997 0.9841509433962264 27
1769105685343 0.98 28
1769105687759 0.9860377358490566 29
1769105690188 0.989056603773585 30
