1769105834901 0.07672372521009556 0
1769105837751 0.0543217864753895 1
1769105840414 0.054300175286656205 2
1769105842995 0.047991600862249385 3
1769105845560 0.047942503008904847 4
1769105848180 0.04017716397119816 5
1769105850760 0.03521277811811414 6
1769105853230 0.03821982857013165 7
1769105855668 0.05175536912107884 8
1769105858086 0.042301441087972284 9
1769105860636 0.03975382411505941 10
1769105863109 0.037467337711605916 11
1769105865581 0.03686734088588246 12
1769105868157 0.03711332516679757 13
1769105870866 0.02597713961027736 14
1769105873396 0.03305223172660484 15
1769105875907 0.03057721818169189 16
1769105878440 0.03191799881629819 17
1769105880864 0.02506053606914573 18
1769105883352 0.032064185818917186 19
1769105921328 0.08257140771507523 0
1769105923353 0.06764045671754798 1
1769105925321 0.06300013550275634 2
1769105927250 0.042324251495301723 3
1769105929261 0.04902885598671991 4
1769105931268 0.05607227933441484 5
1769105933182 0.05026944458138111 6
1769105935069 0.04682745617749386 7
1769105936911 0.05185895240973941 8
1769105938863 0.041853243246847804 9
1769105940742 0.041664964324513144 10
1769105942686 0.03961839635185031 11
1769105944797 0.04070354303951527 12
1769105946997 0.03898932927742947 13
1769105949145 0.037499049212783575 14
