1769105613238 1.771985221476782 0
1769105616373 1.15157373888152 1
1769105619064 0.7389976708661943 2
1769105621721 0.5166654515834082 3
1769105624383 0.3844527378678322 4
1769105627101 0.3165968507528305 5
1769105629855 0.27937640249729156 6
1769105632564 0.21433101647666522 7
1769105635040 0.20530191418670474 8
1769105637563 0.18878651419211 9
1769105640116 0.17093443693149657 10
1769105642776 0.14143581954496248 11
1769105645354 0.14140803464466617 12
1769105647913 0.15366439290699505 13
1769105650494 0.10237966823790755 14
1769105653128 0.1000627941851105 15
1769105655530 0.09042628034062329 16
1769105658024 0.07568757227134137 17
1769105660565 0.08589749960672288 18
1769105663200 0.07902776230392712 19
1769105665801 0.06904340207221962 20
1769105668346 0.057817034445525634 21
1769105670842 0.07850089784534205 22
1769105673422 0.05846032174304128 23
1769105675790 0.049605381165054585 24
1769105678201 0.058221945472593815 25
1769105680588 0.058181305515712926 26
1769105682997 0.05294626195072418 27
1769105685343 0.058273605159705595 28
1769105687759 0.04744728390748302 29
1769105690188 0.03874494210772571 30
