1769111281653 1.8002469761427058 0
1769111284135 1.2150278340938478 1
1769111286650 0.7288599194482316 2
1769111289174 0.5174345304799635 3
1769111291618 0.39913495716660524 4
1769111294063 0.3186830711919208 5
1769111296505 0.2856531444677087 6
1769111298962 0.2339571723064711 7
1769111301513 0.2103974340960037 8
1769111304084 0.18954797435638515 9
1769111306583 0.1752580851316452 10
1769111309007 0.16262815416205761 11
1769111311490 0.11949224683434465 12
1769111313983 0.1229677522598311 13
1769111316485 0.11677582388700442 14
1769111318970 0.09515316333881645 15
1769111321422 0.09312710070679354 16
1769111323912 0.08251619841470274 17
1769111326432 0.10128372864321221 18
1769111328992 0.10013350333238757 19
1769111331547 0.07554875866531632 20
1769111333977 0.06892592191349628 21
1769111336425 0.07585937553626854 22
1769111338825 0.05372010449727261 23
1769111341387 0.04958104474340067 24
1769111343861 0.0468207192932104 25
1769111346439 0.03983873206862183 26
1769111348891 0.04215685817478008 27
1769111351438 0.04464098531752825 28
1769111354055 0.044136547895018446 29
1769111356609 0.07365649472922087 30
1769111359115 0.06114422891635534 31
1769111361691 0.05880315934286215 32
1769111364149 0.03404894147371484 33
1769111366611 0.04628719952563907 34
1769111368983 0.025035788001882477 35
1769111371515 0.04360472266887163 36
