1769111281653 0.3161953727506427 0
1769111284135 0.6290855673889093 1
1769111286650 0.7745134043334557 2
1769111289174 0.8365773044436283 3
1769111291618 0.8692618435549027 4
1769111294063 0.8960705104663974 5
1769111296505 0.9081894968784429 6
1769111298962 0.9210429673154609 7
1769111301513 0.9320602276900477 8
1769111304084 0.9394050679397723 9
1769111306583 0.9471171502019831 10
1769111309007 0.9408740359897172 11
1769111311490 0.9651120088138083 12
1769111313983 0.9548292324641939 13
1769111316485 0.9654792508262945 14
1769111318970 0.9739258171134778 15
1769111321422 0.9731913330885054 16
1769111323912 0.9720896070510466 17
1769111326432 0.9680499449136981 18
1769111328992 0.969518912963643 19
1769111331547 0.9753947851634227 20
1769111333977 0.9798016893132574 21
1769111336425 0.9761292691883952 22
1769111338825 0.9842085934630922 23
1769111341387 0.9820051413881749 24
1769111343861 0.9849430774880646 25
1769111346439 0.9893499816378993 26
1769111348891 0.9893499816378993 27
1769111351438 0.987146529562982 28
1769111354055 0.9878810135879544 29
1769111356609 0.9798016893132574 30
1769111359115 0.979067205288285 31
1769111361691 0.9816378993756886 32
1769111364149 0.9886154976129269 33
1769111366611 0.9845758354755784 34
1769111368983 0.9930224017627617 35
1769111371515 0.9853103195005508 36
