1769111409192 0.982372383400661 0
1769111411697 0.9860448035255234 1
1769111414170 0.9838413514506059 2
1769111416625 0.9864120455380095 3
1769111419098 0.9867792875504958 4
1769111421576 0.9893499816378993 5
1769111424013 0.9889827396254132 6
1769111426483 0.9889827396254132 7
1769111428932 0.9930224017627617 8
1769111431439 0.9911861917003305 9
1769111433847 0.9915534337128168 10
1769111436284 0.9926551597502754 11
1769111438668 0.9911861917003305 12
1769111441202 0.991920675725303 13
1769111443591 0.9933896437752479 14
1769111445974 0.9897172236503856 15
1769111448491 0.991920675725303 16
1769111450971 0.9915534337128168 17
1769111453439 0.9911861917003305 18
1769111490673 0.9838413514506059 0
1769111492674 0.9827396254131473 1
1769111494560 0.9864120455380095 2
1769111496529 0.9889827396254132 3
1769111498503 0.9882482556004407 4
1769111500434 0.9926551597502754 5
1769111502401 0.9897172236503856 6
1769111504333 0.9875137715754683 7
1769111506313 0.9926551597502754 8
1769111508303 0.9941241278002203 9
1769111510324 0.9915534337128168 10
