1769111160650 1.8092279462587266 0
1769111163068 1.1971513572193326 1
1769111165460 0.7419525462956655 2
1769111167913 0.5243212786458787 3
1769111170330 0.3956849177678426 4
1769111172792 0.3296640298905827 5
1769111175314 0.28541823618468787 6
1769111177827 0.23226905489961305 7
1769111180186 0.2247919211430209 8
1769111182542 0.21054109097236678 9
1769111185013 0.17547071263903663 10
1769111187405 0.14633573822322346 11
1769111189846 0.13365878111549787 12
1769111192286 0.11891196428665093 13
1769111194842 0.1093926520219871 14
1769111197268 0.09863954064037118 15
1769111199759 0.1126012232686792 16
1769111202223 0.1162368521715204 17
1769111204621 0.09344037990307524 18
1769111207050 0.08720288221679982 19
1769111209481 0.08102015204106768 20
1769111211916 0.07489901942954887 21
1769111214322 0.0857258639076636 22
1769111216759 0.05916287133558875 23
1769111219185 0.058393657207489014 24
1769111221765 0.05099196678825787 25
1769111224104 0.06026948309902634 26
1769111226488 0.05571712868376857 27
1769111228811 0.06139864905604294 28
1769111231241 0.05367360307302858 29
1769111233681 0.04435093823953399 30
1769111236056 0.03799841085094072 31
1769111238450 0.04658615802015577 32
1769111240881 0.048831531522972954 33
1769111243287 0.04912146171444051 34
