1769111160650 0.3199697428139183 0
1769111163068 0.6391830559757943 1
1769111165460 0.7560514372163388 2
1769111167913 0.825642965204236 3
1769111170330 0.874054462934947 4
1769111172792 0.8925869894099848 5
1769111175314 0.9149016641452344 6
1769111177827 0.9251134644478064 7
1769111180186 0.9341906202723147 8
1769111182542 0.9277609682299546 9
1769111185013 0.9455370650529501 10
1769111187405 0.9519667170953101 11
1769111189846 0.9546142208774584 12
1769111192286 0.9534795763993948 13
1769111194842 0.966338880484115 14
1769111197268 0.970499243570348 15
1769111199759 0.962178517397882 16
1769111202223 0.9644478063540091 17
1769111204621 0.9701210287443268 18
1769111207050 0.9746596066565809 19
1769111209481 0.9735249621785174 20
1769111211916 0.972768532526475 21
1769111214322 0.9701210287443268 22
1769111216759 0.9795763993948563 23
1769111219185 0.9837367624810892 24
1769111221765 0.9837367624810892 25
1769111224104 0.9765506807866868 26
1769111226488 0.9848714069591528 27
1769111228811 0.9795763993948563 28
1769111231241 0.9822239031770046 29
1769111233681 0.985249621785174 30
1769111236056 0.9863842662632375 31
1769111238450 0.9860060514372163 32
1769111240881 0.985249621785174 33
1769111243287 0.9822239031770046 34
