1769111409192 0.056471456318747164 0
1769111411697 0.04833108683788152 1
1769111414170 0.05012812945168725 2
1769111416625 0.0396878270237425 3
1769111419098 0.042683618814619476 4
1769111421576 0.03911634917955759 5
1769111424013 0.0374994775886799 6
1769111426483 0.03756645039200436 7
1769111428932 0.028794216918000996 8
1769111431439 0.03166606375774325 9
1769111433847 0.02935032766355678 10
1769111436284 0.02754583893625369 11
1769111438668 0.03146279219884512 12
1769111441202 0.028858530876594922 13
1769111443591 0.025049715995961844 14
1769111445974 0.03394323501865878 15
1769111448491 0.026912698641332777 16
1769111450971 0.02712058218542573 17
1769111453439 0.02452570960727022 18
1769111490673 0.05694846756929575 0
1769111492674 0.050625890168512974 1
1769111494560 0.04937347924596695 2
1769111496529 0.04072100270626157 3
1769111498503 0.042707675905508356 4
1769111500434 0.031869775220361905 5
1769111502401 0.03831848269328475 6
1769111504333 0.04022926459262191 7
1769111506313 0.030072705636104178 8
1769111508303 0.028563071367179237 9
1769111510324 0.03224160455080659 10
