1769114576616 1.773138165473938 0
1769114579256 1.1527911826621655 1
1769114581765 0.6905732993469682 2
1769114584312 0.47456850631292474 3
1769114586853 0.38211581214915874 4
1769114589397 0.299715660339178 5
1769114591915 0.25734346654526025 6
1769114594385 0.22119660051756126 7
1769114596928 0.18127086204151774 8
1769114599398 0.1698469056986099 9
1769114601770 0.14277078973692517 10
1769114604177 0.13730761088257612 11
1769114606632 0.1251709687328616 12
1769114609170 0.1035854104299878 13
1769114611602 0.09910739893310291 14
1769114614018 0.09856478623006233 15
1769114616516 0.09861347404157006 16
1769114618992 0.07654081410620102 17
1769114621537 0.09161429250136364 18
1769114624041 0.06955689577342467 19
1769114626527 0.0718175360369821 20
1769114629107 0.05004854677894781 21
1769114631558 0.04943394987995541 22
1769114633964 0.06257948124521347 23
