1769114576616 0.3306627822286963 0
1769114579256 0.6740713765477058 1
1769114581765 0.786598689002185 2
1769114584312 0.8419519300801165 3
1769114586853 0.8725418790968682 4
1769114589397 0.9075018208302986 5
1769114591915 0.9151493080844866 6
1769114594385 0.9300801165331392 7
1769114596928 0.945375091041515 8
1769114599398 0.9442825928623453 9
1769114601770 0.9555717407137655 10
1769114604177 0.9581209031318281 11
1769114606632 0.9635833940276766 12
1769114609170 0.9672250546249089 13
1769114611602 0.9694100509832484 14
1769114614018 0.9661325564457393 15
1769114616516 0.9675892206846322 16
1769114618992 0.9737800436999272 17
1769114621537 0.9701383831026948 18
1769114624041 0.9777858703568827 19
1769114626527 0.976693372177713 20
1769114629107 0.9861616897305171 21
1769114631558 0.984340859431901 22
1769114633964 0.9803350327749454 23
