1769114671168 0.9868900218499636 0
1769114673756 0.9868900218499636 1
1769114676213 0.9883466860888566 2
1769114678701 0.9930808448652586 3
1769114681216 0.9908958485069191 4
1769114683754 0.9927166788055353 5
1769114686291 0.9908958485069191 6
1769114688709 0.9912600145666424 7
1769114691155 0.9916241806263656 8
1769114693589 0.9934450109249818 9
1769114696212 0.9908958485069191 10
1769114733301 0.9785142024763293 0
1769114735368 0.9825200291332847 1
1769114737412 0.9872541879096868 2
1769114739389 0.989075018208303 3
1769114741405 0.9912600145666424 4
1769114743432 0.9916241806263656 5
1769114745393 0.9927166788055353 6
1769114747290 0.9930808448652586 7
1769114749231 0.9901675163874727 8
1769114751110 0.9887108521485798 9
1769114753076 0.989075018208303 10
1769114755149 0.9941733430444283 11
1769114757197 0.9901675163874727 12
1769114759183 0.9941733430444283 13
1769114761166 0.9898033503277495 14
