1769114455931 1.7772166558674403 0
1769114458859 1.166520159868967 1
1769114461209 0.7222123798869905 2
1769114463659 0.4907915507044111 3
1769114466179 0.39343758388644173 4
1769114468544 0.3190648090981302 5
1769114470935 0.25561684157167164 6
1769114473236 0.24194536358118057 7
1769114475695 0.21577077217045285 8
1769114478116 0.1721487400077638 9
1769114480530 0.1729225879978566 10
1769114483000 0.14380437650141262 11
1769114485486 0.13011455952766396 12
1769114487943 0.12354060683754228 13
1769114490362 0.10599987874073642 14
1769114492798 0.1052895804778451 15
1769114495166 0.08843691726880414 16
1769114497566 0.07722568631704364 17
1769114499966 0.08144106636089939 18
1769114502444 0.09464655816555023 19
1769114504877 0.07842288456768506 20
1769114507287 0.07222718137892939 21
1769114509657 0.06478454303439884 22
1769114512033 0.08276043065069687 23
1769114514437 0.0619079481721634 24
1769114516874 0.05410311193693252 25
1769114519260 0.05216418002687749 26
1769114521685 0.05343202249856577 27
1769114524057 0.04733084080119928 28
1769114526475 0.04653998972138479 29
1769114528871 0.05066295759752393 30
1769114531435 0.04060976181755818 31
1769114533890 0.03542302674170406 32
1769114536300 0.04425121587701142 33
1769114538663 0.03934460199837174 34
