1769114671168 0.049535029047970164 0
1769114673756 0.04190354599335859 1
1769114676213 0.040090860474074994 2
1769114678701 0.032364979992772255 3
1769114681216 0.03495134602755655 4
1769114683754 0.02981073829497016 5
1769114686291 0.03128316282662888 6
1769114688709 0.029081457034619743 7
1769114691155 0.029237274459541537 8
1769114693589 0.02831203791009652 9
1769114696212 0.02996028475679977 10
1769114733301 0.06453558606593761 0
1769114735368 0.04962673432431942 1
1769114737412 0.041098830593360024 2
1769114739389 0.03947238094541569 3
1769114741405 0.030045598723687405 4
1769114743432 0.03178029967645227 5
1769114745393 0.034235606240758366 6
1769114747290 0.03001677582776824 7
1769114749231 0.034545856787888116 8
1769114751110 0.032687506855053956 9
1769114753076 0.03366390087230261 10
1769114755149 0.02746342313151027 11
1769114757197 0.028757865096680647 12
1769114759183 0.027776464624980162 13
1769114761166 0.03101252674579967 14
