1769114455931 0.33707865168539325 0
1769114458859 0.6434456928838951 1
1769114461209 0.7651685393258427 2
1769114463659 0.8415730337078652 3
1769114466179 0.8692883895131086 4
1769114468544 0.9029962546816479 5
1769114470935 0.9235955056179775 6
1769114473236 0.9172284644194757 7
1769114475695 0.9310861423220974 8
1769114478116 0.9441947565543071 9
1769114480530 0.9423220973782771 10
1769114483000 0.949812734082397 11
1769114485486 0.9546816479400749 12
1769114487943 0.9595505617977528 13
1769114490362 0.9670411985018726 14
1769114492798 0.9655430711610486 15
1769114495166 0.9711610486891386 16
1769114497566 0.9752808988764045 17
1769114499966 0.9734082397003745 18
1769114502444 0.9681647940074907 19
1769114504877 0.9749063670411985 20
1769114507287 0.9771535580524344 21
1769114509657 0.9786516853932584 22
1769114512033 0.9752808988764045 23
1769114514437 0.9812734082397003 24
1769114516874 0.9823970037453184 25
1769114519260 0.9820224719101124 26
1769114521685 0.9827715355805243 27
1769114524057 0.9853932584269663 28
1769114526475 0.9842696629213483 29
1769114528871 0.9831460674157303 30
1769114531435 0.9880149812734083 31
1769114533890 0.9891385767790262 32
1769114536300 0.9846441947565543 33
1769114538663 0.9876404494382023 34
