1768983760098 1.6394909850086075 0
1768983799068 0.9022961377379406 1
1768983836075 0.5883593487452312 2
1768983875885 0.43852797994412573 3
1768983912851 0.3374482008168496 4
1768983951289 0.29456029455345795 5
1768983990115 0.24947652193796205 6
1768984027180 0.22237330365432315 7
1768984064467 0.2108171180967825 8
1768984102569 0.1588691518339048 9
1768984139142 0.1600442045110177 10
1768984177360 0.14006117942282953 11
1768984214424 0.13249085540602723 12
1768984252878 0.12061500052237008 13
1768984289678 0.1056718696357615 14
1768984328821 0.09107745205422482 15
1768984367982 0.09645909476037844 16
1768984405107 0.09858626429081323 17
1768984443346 0.07988600076052797 18
1768984481163 0.08754009370837944 19
1768984519792 0.08073151926229517 20
1768984556846 0.06223075119890722 21
1768984594806 0.06181740389957306 22
1768984631283 0.04938272472067052 23
1768984669561 0.072050697453522 24
1768984705879 0.06449621233595423 25
1768984744145 0.06365393882572472 26
1768984781775 0.06545656022941132 27
1768984819929 0.061101062049393556 28
1768984858629 0.05110763014204441 29
1768984895623 0.049206889823572825 30
1768984933715 0.03745689308298864 31
1768984970532 0.043164783921822096 32
1768985008737 0.04809672644092555 33
1768983760098 1.6394909850086075 0
1768983760098 1.6394909850086075 0
1768983760098 1.6394909850086075 0
