1768983760098 0.38566037735849057 0
1768983799068 0.7109433962264151 1
1768983836075 0.809811320754717 2
1768983875885 0.8626415094339622 3
1768983912851 0.8905660377358491 4
1768983951289 0.9026415094339623 5
1768983990115 0.9192452830188679 6
1768984027180 0.929811320754717 7
1768984064467 0.929433962264151 8
1768984102569 0.9445283018867925 9
1768984139142 0.9494339622641509 10
1768984177360 0.9539622641509434 11
1768984214424 0.9573584905660377 12
1768984252878 0.9577358490566038 13
1768984289678 0.9686792452830189 14
1768984328821 0.9675471698113207 15
1768984367982 0.969811320754717 16
1768984405107 0.969811320754717 17
1768984443346 0.9720754716981133 18
1768984481163 0.9732075471698113 19
1768984519792 0.9773584905660377 20
1768984556846 0.9773584905660377 21
1768984594806 0.9818867924528302 22
1768984631283 0.9822641509433963 23
1768984669561 0.98 24
1768984705879 0.9788679245283018 25
1768984744145 0.98 26
1768984781775 0.9788679245283018 27
1768984819929 0.9803773584905661 28
1768984858629 0.9852830188679246 29
1768984895623 0.9833962264150944 30
1768984933715 0.9871698113207548 31
1768984970532 0.9852830188679246 32
1768985008737 0.9830188679245283 33
1768983760098 0.38566037735849057 0
1768983760098 0.38566037735849057 0
1768983760098 0.38566037735849057 0
