1768955246542 0.9646243617797229 0
1768955261532 0.9587892049598833 1
1768955275734 0.9697301239970825 2
1768955289702 0.9580598103574034 3
1768955303921 0.9587892049598833 4
1768955318155 0.963165572574763 5
1768955332858 0.9613420860685631 6
1768955346996 0.9730123997082422 7
1768955361455 0.9642596644784829 8
1768955375629 0.9613420860685631 9
1768955389762 0.9690007293946025 10
1768955404876 0.962436177972283 11
1768955419167 0.9649890590809628 12
1768955433561 0.9719183078045223 13
1768955448021 0.962800875273523 14
1768955463009 0.9679066374908826 15
1768955246542 0.9646243617797229 0
