1768955246542 0.11632566273125798 0
1768955261532 0.12281522211120573 1
1768955275734 0.11678238535776388 2
1768955289702 0.1297466140673604 3
1768955303921 0.1308695544748632 4
1768955318155 0.12182179919638952 5
1768955332858 0.1137046295456415 6
1768955346996 0.10167922996807584 7
1768955361455 0.11583641279748706 8
1768955375629 0.1205798757457456 9
1768955389762 0.10576965551563473 10
1768955404876 0.11690957384010733 11
1768955419167 0.10205738688277644 12
1768955433561 0.10154434145146678 13
1768955448021 0.11291607023151808 14
1768955463009 0.1072018945827907 15
1768955246542 0.11632566273125798 0
