1768954792521 0.4090909090909091 0
1768954810129 0.7227272727272728 1
1768954827776 0.825 2
1768954845410 0.8556818181818182 3
1768954864176 0.8867424242424242 4
1768954881649 0.8981060606060606 5
1768954899355 0.9109848484848485 6
1768954917290 0.928030303030303 7
1768954934920 0.9359848484848485 8
1768954953172 0.9378787878787879 9
1768954971318 0.9481060606060606 10
1768954989293 0.9481060606060606 11
1768955007017 0.9571969696969697 12
1768955025612 0.9556818181818182 13
1768955044520 0.9715909090909091 14
1768955063268 0.9662878787878788 15
1768955081859 0.9659090909090909 16
1768955100057 0.9625 17
1768955118381 0.9708333333333333 18
1768955136989 0.975 19
1768955155259 0.9757575757575757 20
1768955173481 0.9757575757575757 21
1768955192655 0.9715909090909091 22
1768955210114 0.9837121212121213 23
1768955228330 0.978030303030303 24
1768954792521 0.4090909090909091 0
1768954792521 0.4090909090909091 0
1768954792521 0.4090909090909091 0
