1768954792521 1.6511285305023193 0
1768954810129 0.8619154285953705 1
1768954827776 0.5411327592579716 2
1768954845410 0.44704307256692866 3
1768954864176 0.3631148262914405 4
1768954881649 0.3110180928944105 5
1768954899355 0.2706794130155839 6
1768954917290 0.22501867771687278 7
1768954934920 0.19126803719674249 8
1768954953172 0.18673645381826953 9
1768954971318 0.1585720867726458 10
1768954989293 0.15804455806332898 11
1768955007017 0.13472048538815545 12
1768955025612 0.13107260000185075 13
1768955044520 0.09253007367657251 14
1768955063268 0.09492016454642437 15
1768955081859 0.09385557160768883 16
1768955100057 0.11054777800588005 17
1768955118381 0.09262643965432443 18
1768955136989 0.07448640415242996 19
1768955155259 0.08017376913543207 20
1768955173481 0.07854825810877135 21
1768955192655 0.08949834883706756 22
1768955210114 0.05659198323937963 23
1768955228330 0.07155716650928538 24
1768954792521 1.6511285305023193 0
1768954792521 1.6511285305023193 0
1768954792521 1.6511285305023193 0
