1769107668115 0.3549576115001843 0
1769107670737 0.6693697014375231 1
1769107673189 0.7891632878732031 2
1769107675758 0.8437154441577589 3
1769107678327 0.8820493918171766 4
1769107680866 0.8938444526354589 5
1769107683303 0.915591596019167 6
1769107685941 0.9266494655363067 7
1769107688391 0.9354957611500184 8
1769107690973 0.9399189089568744 9
1769107693340 0.9465536306671581 10
1769107695740 0.9557685219314412 11
1769107698223 0.9605602653888684 12
1769107700757 0.9590858827865831 13
1769107703313 0.9587172871360118 14
1769107706041 0.9657206044968669 15
1769107708753 0.9708809436048654 16
1769107711451 0.9675635827497235 17
1769107713908 0.9708809436048654 18
1769107716429 0.9690379653520088 19
1769107718951 0.9712495392554368 20
1769107721475 0.977147069664578 21
1769107723910 0.9812016218208626 22
1769107726358 0.9764098783634353 23
1769107728936 0.9800958348691485 24
1769107731829 0.9797272392185772 25
1769107734491 0.9845189826760045 26
1769107737026 0.9841503870254331 27
