1769107668115 1.7515398374823636 0
1769107670737 1.0896990299224854 1
1769107673189 0.660601700461188 2
1769107675758 0.47643569666285845 3
1769107678327 0.3718083331058192 4
1769107680866 0.3195527539003727 5
1769107683303 0.269590777713199 6
1769107685941 0.2235071328143741 7
1769107688391 0.20257050544023514 8
1769107690973 0.17771270004815834 9
1769107693340 0.16915955637083496 10
1769107695740 0.14066437978384105 11
1769107698223 0.12629288833501728 12
1769107700757 0.12950536357455475 13
1769107703313 0.12245311020591924 14
1769107706041 0.11309597407316052 15
1769107708753 0.08943708730471689 16
1769107711451 0.09191988508195378 17
1769107713908 0.09288901562780835 18
1769107716429 0.08750059187065723 19
1769107718951 0.08682927151405534 20
1769107721475 0.07393145539559597 21
1769107723910 0.06230335645810809 22
1769107726358 0.07441960989909116 23
1769107728936 0.059747971356088336 24
1769107731829 0.06143674674595511 25
1769107734491 0.051625465541038404 26
1769107737026 0.05331736977407059 27
