1769107774718 0.06164343553313682 0
1769107777399 0.05062452062617901 1
1769107780093 0.040445292054480594 2
1769107782689 0.04625735355021302 3
1769107785297 0.04179621553914838 4
1769107787702 0.0405744097823667 5
1769107790078 0.05168251026161881 6
1769107792520 0.03654838751914889 7
1769107794941 0.027319546442392262 8
1769107797509 0.03048979551098201 9
1769107800076 0.022637265198322577 10
1769107838546 0.05660612118798633 0
1769107840774 0.0577884997176223 1
1769107842715 0.041346852472701735 2
1769107844727 0.044991519962719016 3
1769107846647 0.04007116786940673 4
1769107848886 0.039993651341213736 5
1769107851225 0.038316603988235776 6
1769107853111 0.03442891536085585 7
1769107855167 0.033737091824065805 8
1769107857190 0.029247114629766275 9
1769107859214 0.03088535400930532 10
1769107861093 0.03079244010367019 11
1769107862982 0.02668293746903019 12
1769107864959 0.025882160139465055 13
1769107866840 0.026806083399542543 14
