1769107774718 0.9826760044231478 0
1769107777399 0.9878363435311464 1
1769107780093 0.9926280869885735 2
1769107782689 0.9863619609288611 3
1769107785297 0.9870991522300037 4
1769107787702 0.9863619609288611 5
1769107790078 0.9867305565794323 6
1769107792520 0.9893107261334316 7
1769107794941 0.9922594913380022 8
1769107797509 0.9929966826391449 9
1769107800076 0.9929966826391449 10
1769107838546 0.9845189826760045 0
1769107840774 0.985256173977147 1
1769107842715 0.9878363435311464 2
1769107844727 0.9878363435311464 3
1769107846647 0.9859933652782897 4
1769107848886 0.9870991522300037 5
1769107851225 0.9867305565794323 6
1769107853111 0.9907851087357169 7
1769107855167 0.9893107261334316 8
1769107857190 0.9907851087357169 9
1769107859214 0.9900479174345743 10
1769107861093 0.9893107261334316 11
1769107862982 0.9941024695908588 12
1769107864959 0.9915223000368596 13
1769107866840 0.9926280869885735 14
