1769107513644 1.8041850186529613 0
1769107516167 1.1757357219854991 1
1769107518920 0.7150463170948482 2
1769107521437 0.4930621619735445 3
1769107523915 0.37209710762614295 4
1769107526240 0.3238371773844674 5
1769107528689 0.26714315691164564 6
1769107531197 0.22422098439364208 7
1769107533537 0.21643248342332386 8
1769107535926 0.17376221986930995 9
1769107538407 0.16834195747616745 10
1769107540782 0.14678748235816047 11
1769107543183 0.1640803867152759 12
1769107545517 0.11142099968024663 13
1769107548289 0.10874823738066923 14
1769107550799 0.09999510508385442 15
1769107553194 0.09425776580437309 16
1769107555579 0.09911447967446986 17
1769107557975 0.0849548987600775 18
1769107560398 0.09182576125576383 19
1769107562920 0.08762911507593733 20
1769107565184 0.07976692103381668 21
1769107567533 0.06244437835578408 22
1769107569976 0.05997984880758893 23
1769107572372 0.06983624072745442 24
1769107574774 0.05977173202804157 25
1769107577256 0.048525843946706684 26
1769107579828 0.06597733628448277 27
1769107582275 0.07753443034986655 28
1769107584593 0.0701376975602692 29
1769107587000 0.07295252280753284 30
1769107589405 0.0602884851728699 31
1769107591782 0.03796248163451396 32
1769107594195 0.03083031315223447 33
1769107596544 0.03600697770404319 34
1769107598937 0.041654058754266726 35
1769107601319 0.050637132998201106 36
1769107603758 0.03822287126621675 37
1769107606254 0.032872059992292806 38
1769107608851 0.025083882035687566 39
