1769107513644 0.3254931714719272 0
1769107516167 0.6521244309559939 1
1769107518920 0.7776934749620638 2
1769107521437 0.8448406676783005 3
1769107523915 0.8827769347496206 4
1769107526240 0.8990895295902883 5
1769107528689 0.9184370257966616 6
1769107531197 0.9313353566009105 7
1769107533537 0.9400606980273141 8
1769107535926 0.9430955993930197 9
1769107538407 0.9430955993930197 10
1769107540782 0.9540971168437026 11
1769107543183 0.9465098634294385 12
1769107545517 0.9647192716236722 13
1769107548289 0.9704097116843703 14
1769107550799 0.9715477996965098 15
1769107553194 0.9685128983308042 16
1769107555579 0.9745827010622155 17
1769107557975 0.9715477996965098 18
1769107560398 0.9692716236722306 19
1769107562920 0.9711684370257967 20
1769107565184 0.9757207890743551 21
1769107567533 0.9783763277693475 22
1769107569976 0.9825493171471927 23
1769107572372 0.9776176024279211 24
1769107574774 0.9802731411229135 25
1769107577256 0.9844461305007587 26
1769107579828 0.9810318664643399 27
1769107582275 0.9772382397572079 28
1769107584593 0.9757207890743551 29
1769107587000 0.9768588770864947 30
1769107589405 0.9825493171471927 31
1769107591782 0.9897572078907435 32
1769107594195 0.9912746585735963 33
1769107596544 0.9863429438543247 34
1769107598937 0.9878603945371776 35
1769107601319 0.9829286798179059 36
1769107603758 0.988619119878604 37
1769107606254 0.992412746585736 38
1769107608851 0.992412746585736 39
