1769115938132 0.34085121862495454 0
1769115940694 0.6777009821753365 1
1769115943256 0.7861040378319389 2
1769115945798 0.8446707893779556 3
1769115948299 0.8755911240451073 4
1769115950767 0.9017824663514005 5
1769115953260 0.9181520552928337 6
1769115955846 0.9327028010185522 7
1769115958409 0.9396144052382684 8
1769115960944 0.9457984721716988 9
1769115963508 0.9563477628228446 10
1769115965907 0.9574390687522736 11
1769115968466 0.9497999272462714 12
1769115971038 0.9618042924699891 13
1769115973531 0.9712622771917061 14
1769115976108 0.9679883594034194 15
1769115978562 0.9701709712622771 16
1769115981064 0.9698072026191342 17
1769115983588 0.9770825754819934 18
1769115986079 0.971989814477992 19
1769115988470 0.9756275009094216 20
1769115991078 0.9789014186977083 21
1769115993591 0.9785376500545653 22
1769115996104 0.9789014186977083 23
1769115998576 0.9825391051291379 24
1769116000999 0.9821753364859949 25
1769116003571 0.9829028737722808 26
1769116006130 0.9836304110585667 27
1769116008567 0.9803564932702801 28
1769116011004 0.9869043288468534 29
1769116013400 0.9832666424154238 30
