1769115938132 1.769231918246247 0
1769115940694 1.1291166710299114 1
1769115943256 0.6937976424084153 2
1769115945798 0.4828985707704411 3
1769115948299 0.3722811944262926 4
1769115950767 0.3107954918645149 5
1769115953260 0.2495391348073649 6
1769115955846 0.2152150209213412 7
1769115958409 0.19038019736492356 8
1769115960944 0.1652904866739761 9
1769115963508 0.1387631818652153 10
1769115965907 0.13505095061521197 11
1769115968466 0.14561843083694923 12
1769115971038 0.10788755170827688 13
1769115973531 0.09428454948545889 14
1769115976108 0.09852286211626474 15
1769115978562 0.08702151083149189 16
1769115981064 0.0882355181803537 17
1769115983588 0.07401932769476674 18
1769115986079 0.08210146992445685 19
1769115988470 0.07414236961495738 20
1769115991078 0.05912936870875054 21
1769115993591 0.07753834139209154 22
1769115996104 0.06735912636788778 23
1769115998576 0.054829551058626455 24
1769116000999 0.053969565627360064 25
1769116003571 0.04799933402344238 26
1769116006130 0.053330123879361986 27
1769116008567 0.05748336658228275 28
1769116011004 0.047716150525957346 29
1769116013400 0.048896516738242884 30
