1769115812086 0.37351190476190477 0
1769115814548 0.6636904761904762 1
1769115816980 0.7849702380952381 2
1769115819505 0.8430059523809523 3
1769115821983 0.8709077380952381 4
1769115824347 0.8958333333333334 5
1769115826790 0.9140625 6
1769115829123 0.9296875 7
1769115831655 0.9337797619047619 8
1769115834091 0.9505208333333334 9
1769115836511 0.9557291666666666 10
1769115839000 0.9564732142857143 11
1769115841523 0.9583333333333334 12
1769115843942 0.9646577380952381 13
1769115846415 0.9639136904761905 14
1769115848858 0.9702380952380952 15
1769115851358 0.9635416666666666 16
1769115853774 0.9706101190476191 17
1769115856309 0.9724702380952381 18
1769115858682 0.9780505952380952 19
1769115861080 0.9769345238095238 20
1769115863586 0.9773065476190477 21
1769115865987 0.9806547619047619 22
1769115868351 0.9773065476190477 23
1769115870706 0.9795386904761905 24
1769115873191 0.9840029761904762 25
1769115875712 0.9821428571428571 26
1769115878008 0.9813988095238095 27
