1769115812086 1.752290047350384 0
1769115814548 1.1029299809819175 1
1769115816980 0.6730668757643018 2
1769115819505 0.48777731472537633 3
1769115821983 0.36607882593359264 4
1769115824347 0.32967490631909596 5
1769115826790 0.27284097990819384 6
1769115829123 0.22342775416161334 7
1769115831655 0.1994549459999516 8
1769115834091 0.15510881763129009 9
1769115836511 0.14514440280340968 10
1769115839000 0.14488139890489124 11
1769115841523 0.13074549926178797 12
1769115843942 0.10825313379367192 13
1769115846415 0.10896567117777609 14
1769115848858 0.09394992644055969 15
1769115851358 0.10783477854870614 16
1769115853774 0.09572733685906444 17
1769115856309 0.07846182491630316 18
1769115858682 0.07088655109206836 19
1769115861080 0.07091923927267392 20
1769115863586 0.07090591342144069 21
1769115865987 0.06417127962534626 22
1769115868351 0.06851954587424795 23
1769115870706 0.06420641419078622 24
1769115873191 0.05882759891184313 25
1769115875712 0.051862083175884824 26
1769115878008 0.05354342893475578 27
