1769116050688 0.9727173517642779 0
1769116053223 0.9712622771917061 1
1769116055771 0.9774463441251364 2
1769116058189 0.9792651873408512 3
1769116060756 0.9781738814114224 4
1769116063234 0.9799927246271372 5
1769116065718 0.9821753364859949 6
1769116068133 0.9825391051291379 7
1769116070576 0.981447799199709 8
1769116073076 0.9843579483448527 9
1769116075480 0.981447799199709 10
1769116078020 0.9836304110585667 11
1769116080421 0.9869043288468534 12
1769116082892 0.9850854856311386 13
1769116085452 0.9843579483448527 14
1769116088023 0.9854492542742815 15
1769116126342 0.9708985085485631 0
1769116128308 0.9759912695525645 1
1769116130316 0.9759912695525645 2
1769116132293 0.9763550381957076 3
1769116134301 0.9745361949799928 4
1769116136287 0.981084030556566 5
1769116138270 0.9825391051291379 6
1769116140276 0.9807202619134231 7
1769116142394 0.9861767915605675 8
1769116144325 0.9839941797017097 9
1769116146263 0.9829028737722808 10
1769116148276 0.9836304110585667 11
1769116150184 0.9858130229174246 12
1769116152174 0.9839941797017097 13
1769116154174 0.9839941797017097 14
1769116156133 0.9850854856311386 15
1769116158131 0.9887231720625682 16
1769116159968 0.9865405602037104 17
