1769116050688 0.10279835877550203 0
1769116053223 0.0966532131613687 1
1769116055771 0.08089300128089827 2
1769116058189 0.07039200393266457 3
1769116060756 0.07138853840703188 4
1769116063234 0.07147369949623596 5
1769116065718 0.0598632070820692 6
1769116068133 0.05747492921127136 7
1769116070576 0.05491490374037693 8
1769116073076 0.050364287158604276 9
1769116075480 0.0579685544551805 10
1769116078020 0.05690391916175221 11
1769116080421 0.04463627237046874 12
1769116082892 0.04468895343327245 13
1769116085452 0.04202091362500607 14
1769116088023 0.045575923589599686 15
1769116126342 0.11702705997713776 0
1769116128308 0.08053883767231952 1
1769116130316 0.08597391107401182 2
1769116132293 0.0765776738394485 3
1769116134301 0.07722154001943594 4
1769116136287 0.06489827204495668 5
1769116138270 0.061756558109854545 6
1769116140276 0.06404737179535766 7
1769116142394 0.05244859827812328 8
1769116144325 0.050702509340332 9
1769116146263 0.058146343696429285 10
1769116148276 0.05646127319439899 11
1769116150184 0.0539818482126954 12
1769116152174 0.05060342363580022 13
1769116154174 0.053478027758903285 14
1769116156133 0.047628575264541215 15
1769116158131 0.04101603487939682 16
1769116159968 0.04620414858597309 17
