1769010391920 1.6035210334119343 0
1769010408344 0.8666380090372903 1
1769010425082 0.5812478656215327 2
1769010441695 0.4183298933009307 3
1769010458257 0.3371471416737352 4
1769010474886 0.30032041225404965 5
1769010491559 0.29296996471072945 6
1769010508574 0.22859959042675437 7
1769010525054 0.19296301684031883 8
1769010542060 0.2003560994219567 9
1769010558786 0.15461881381149092 10
1769010575567 0.16166285924347384 11
1769010592227 0.18169246270276962 12
1769010608853 0.14458981418006478 13
1769010625410 0.13749836048200018 14
1769010642079 0.12056735429602365 15
1769010658706 0.12030065013650096 16
1769010675221 0.11748166280310779 17
1769010691658 0.09303582232955489 18
1769010708562 0.07151719152794353 19
1769010391920 1.6035210334119343 0
1769010391920 1.6035210334119343 0
1769010391920 1.6035210334119343 0
