1769010391920 0.42663656884875845 0
1769010408344 0.7238525206922498 1
1769010425082 0.8073739653875094 2
1769010441695 0.8649360421369451 3
1769010458257 0.8920240782543266 4
1769010474886 0.9051918735891648 5
1769010491559 0.909706546275395 6
1769010508574 0.936418359668924 7
1769010525054 0.9413092550790068 8
1769010542060 0.9375470278404816 9
1769010558786 0.9510910458991723 10
1769010575567 0.9492099322799097 11
1769010592227 0.9492099322799097 12
1769010608853 0.9559819413092551 13
1769010625410 0.9514672686230248 14
1769010642079 0.963882618510158 15
1769010658706 0.9608728367193379 16
1769010675221 0.9668924003009782 17
1769010691658 0.9710308502633559 18
1769010708562 0.9796839729119639 19
1769010391920 0.42663656884875845 0
1769010391920 0.42663656884875845 0
1769010391920 0.42663656884875845 0
