1768956670669 0.22963483083165354 0
1768956687000 0.2210401808222135 1
1768956702824 0.22474278493060007 2
1768956718690 0.22709839635839066 3
1768956733968 0.2187813461654716 4
1768956750012 0.20425555316938293 5
1768956766147 0.21602737767000993 6
1768956782689 0.20224124532606866 7
1768956797785 0.21425270140171052 8
1768956812952 0.19036078008098734 9
1768956829016 0.19090394528789653 10
1768956845332 0.19879003535542222 11
1768956861062 0.22039336514555746 12
1768956876823 0.1955075749920474 13
1768956670669 0.22963483083165354 0
