1768956670669 0.9321974965229486 0
1768956687000 0.9370653685674548 1
1768956702824 0.935326842837274 2
1768956718690 0.9356745479833102 3
1768956733968 0.9360222531293463 4
1768956750012 0.9356745479833102 5
1768956766147 0.9356745479833102 6
1768956782689 0.9349791376912379 7
1768956797785 0.9315020862308763 8
1768956812952 0.9394993045897079 9
1768956829016 0.9429763560500696 10
1768956845332 0.9346314325452016 11
1768956861062 0.9335883171070932 12
1768956876823 0.9370653685674548 13
1768956670669 0.9321974965229486 0
