1768956248463 0.34390591589451175 0
1768956266809 0.6300784034212402 1
1768956285310 0.7508909479686386 2
1768956304325 0.8146828225231646 3
1768956322656 0.8517462580185318 4
1768956340891 0.8749109052031362 5
1768956359228 0.895224518888097 6
1768956377605 0.9144689950106913 7
1768956395885 0.9130434782608695 8
1768956414808 0.9248039914468995 9
1768956434078 0.9294369208838203 10
1768956453090 0.9411974340698503 11
1768956471714 0.9483250178189594 12
1768956489985 0.9518888096935139 13
1768956509718 0.9526015680684248 14
1768956533039 0.9600855310049893 15
1768956556645 0.966143977191732 16
1768956575096 0.9632929436920884 17
1768956593579 0.9668567355666429 18
1768956611830 0.9711332858161084 19
1768956630429 0.9686386315039202 20
1768956649231 0.9725588025659302 21
1768956248463 0.34390591589451175 0
1768956248463 0.34390591589451175 0
1768956248463 0.34390591589451175 0
