1768956248463 2.1367335360158575 0
1768956266809 1.0674716054715894 1
1768956285310 0.7300927586514842 2
1768956304325 0.5473844356496226 3
1768956322656 0.44501507663252676 4
1768956340891 0.34263700365342875 5
1768956359228 0.3043328827585686 6
1768956377605 0.2482198399745605 7
1768956395885 0.2599715128413994 8
1768956414808 0.2200662941375578 9
1768956434078 0.20330355511131612 10
1768956453090 0.1779240020127459 11
1768956471714 0.15466087070209059 12
1768956489985 0.13349326746538281 13
1768956509718 0.1302938064856624 14
1768956533039 0.11788823264016007 15
1768956556645 0.11026270910885862 16
1768956575096 0.10892759123817086 17
1768956593579 0.10237737106878987 18
1768956611830 0.08903177884216844 19
1768956630429 0.08884125612067609 20
1768956649231 0.07887307782022451 21
1768956248463 2.1367335360158575 0
1768956248463 2.1367335360158575 0
1768956248463 2.1367335360158575 0
