1769013651000 0.4144587433762301 0
1769013667544 0.708554125662377 1
1769013683828 0.805450416351249 2
1769013700001 0.8516275548826646 3
1769013716223 0.8902346707040121 4
1769013732741 0.9099167297501892 5
1769013749011 0.906888720666162 6
1769013765379 0.9277062831188494 7
1769013781932 0.9333838001514004 8
1769013798509 0.9481453444360333 9
1769013814785 0.9473883421650265 10
1769013830974 0.9507948523845572 11
1769013847230 0.9545798637395913 12
1769013863524 0.9579863739591219 13
1769013879914 0.9716124148372445 14
1769013896363 0.9640423921271764 15
1769013912646 0.961771385314156 16
1769013928891 0.9750189250567751 17
1769013945450 0.9689629068887207 18
1769013961751 0.9719909159727479 19
1769013978085 0.977668433005299 20
1769013994390 0.9697199091597275 21
1769014010934 0.9822104466313399 22
1769014027323 0.9753974261922785 23
1769014043694 0.9814534443603331 24
1769014059970 0.9822104466313399 25
1769014076582 0.9848599545798638 26
1769014092781 0.9852384557153672 27
1769014109578 0.9784254352763059 28
1769014126397 0.9822104466313399 29
1769014143612 0.9788039364118092 30
1769014160038 0.9829674489023467 31
1769014176294 0.9856169568508706 32
1769014192679 0.9822104466313399 33
1769014209077 0.9814534443603331 34
1769014225299 0.9912944738834216 35
1769014241576 0.9909159727479182 36
1769014257944 0.9886449659348978 37
1769013651000 0.4144587433762301 0
1769013651000 0.4144587433762301 0
1769013651000 0.4144587433762301 0
