1769013651000 1.630615024681551 0
1769013667544 0.9064860552190298 1
1769013683828 0.5781860807573939 2
1769013700001 0.4476415297712188 3
1769013716223 0.34278403060982027 4
1769013732741 0.291163952415248 5
1769013749011 0.2699717587555747 6
1769013765379 0.2142456166266677 7
1769013781932 0.21912975910018725 8
1769013798509 0.16153533146323928 9
1769013814785 0.1640138219907341 10
1769013830974 0.15101481123591762 11
1769013847230 0.14204479709088083 12
1769013863524 0.12651835204696799 13
1769013879914 0.09268114927886839 14
1769013896363 0.11033498147973814 15
1769013912646 0.1166321873799505 16
1769013928891 0.07899611810199826 17
1769013945450 0.0920502333060266 18
1769013961751 0.08853841816490314 19
1769013978085 0.0710485209710896 20
1769013994390 0.0901179343619081 21
1769014010934 0.05888180559815233 22
1769014027323 0.07580290481459394 23
1769014043694 0.06475901042661035 24
1769014059970 0.058395910306822466 25
1769014076582 0.051448589886527465 26
1769014092781 0.04844915349014014 27
1769014109578 0.062496071678575085 28
1769014126397 0.05721644334865352 29
1769014143612 0.05312946431636137 30
1769014160038 0.059313792590871 31
1769014176294 0.05092276719325862 32
1769014192679 0.052492112378556145 33
1769014209077 0.05737622842439506 34
1769014225299 0.029052557384438186 35
1769014241576 0.03620827620069171 36
1769014257944 0.038723402966588105 37
1769013651000 1.630615024681551 0
1769013651000 1.630615024681551 0
1769013651000 1.630615024681551 0
