1769010914931 0.3948756593820648 0
1769010931288 0.7260738507912585 1
1769010947757 0.8021853805576489 2
1769010964052 0.8700075357950263 3
1769010980628 0.8794272795779955 4
1769010997038 0.9144687264506406 5
1769011013328 0.9140919366993218 6
1769011029728 0.9295403165033911 7
1769011046550 0.9321778447626224 8
1769011062997 0.9397136397889977 9
1769011079388 0.9510173323285607 10
1769011095807 0.9427279577995479 11
1769011112108 0.9566691785983421 12
1769011128416 0.9649585531273549 13
1769011145550 0.9589299171062547 14
1769011161914 0.9626978146194424 15
1769011178202 0.9740015071590052 16
1769011194682 0.9721175584024114 17
1769011211177 0.9615674453654861 18
1769011227625 0.9717407686510927 19
1769011243932 0.9777694046721929 20
1769011260648 0.9683496608892238 21
1769011276994 0.9773926149208741 22
1769011293440 0.9796533534287868 23
1769011309815 0.9751318764129616 24
1769011326411 0.9736247174076865 25
1769011342781 0.979276563677468 26
1769010914931 0.3948756593820648 0
1769010914931 0.3948756593820648 0
1769010914931 0.3948756593820648 0
