1769010914931 1.6425256255161331 0
1769010931288 0.8585751290062824 1
1769010947757 0.5737016122025179 2
1769010964052 0.4125172283994146 3
1769010980628 0.35396956930677576 4
1769010997038 0.2727008586278163 5
1769011013328 0.26357512463288135 6
1769011029728 0.235744021922709 7
1769011046550 0.19862439788608666 8
1769011062997 0.1897422185683825 9
1769011079388 0.1608609013618475 10
1769011095807 0.15677559012210512 11
1769011112108 0.128096060255116 12
1769011128416 0.10541296282401645 13
1769011145550 0.1208113730178181 14
1769011161914 0.10849576092224164 15
1769011178202 0.08252701677763498 16
1769011194682 0.08630438189370086 17
1769011211177 0.10574510055089212 18
1769011227625 0.08201286472178188 19
1769011243932 0.06911948058440025 20
1769011260648 0.08652771674433207 21
1769011276994 0.07158986436405096 22
1769011293440 0.06303423944108906 23
1769011309815 0.07511646671400192 24
1769011326411 0.07585367846515882 25
1769011342781 0.0603899015674749 26
1769010914931 1.6425256255161331 0
1769010914931 1.6425256255161331 0
1769010914931 1.6425256255161331 0
