1769011360773 0.9704595185995624 0
1769011377719 0.9792122538293216 1
1769011395171 0.9806710430342815 2
1769011411988 0.9854121079504011 3
1769011428816 0.9854121079504011 4
1769011445652 0.9857768052516411 5
1769011462777 0.9846827133479212 6
1769011479633 0.9857768052516411 7
1769011496548 0.9890590809628009 8
1769011513371 0.9821298322392414 9
1769011530574 0.9832239241429613 10
1769011547425 0.9817651349380014 11
1769011564305 0.9857768052516411 12
1769011581087 0.9846827133479212 13
1769011598296 0.986506199854121 14
1769011615213 0.986870897155361 15
1769011631941 0.9908825674690007 16
1769011648827 0.9890590809628009 17
1769011360773 0.9704595185995624 0
