1769011360773 0.09055832527621194 0
1769011377719 0.06835421564079128 1
1769011395171 0.06652331249896697 2
1769011411988 0.05457329639601846 3
1769011428816 0.054898396610867144 4
1769011445652 0.0506563626424691 5
1769011462777 0.05511311793613226 6
1769011479633 0.0504841863903282 7
1769011496548 0.04113281321127054 8
1769011513371 0.05138032661133641 9
1769011530574 0.054968753531791786 10
1769011547425 0.053695254336479446 11
1769011564305 0.04493502862101724 12
1769011581087 0.04339238432734165 13
1769011598296 0.04648985148970644 14
1769011615213 0.040261128741359814 15
1769011631941 0.03840067480463361 16
1769011648827 0.03798395513860119 17
1769011360773 0.09055832527621194 0
