1769011667607 1.616061548391978 0
1769011684387 0.8424275474888938 1
1769011701124 0.5465663517160075 2
1769011718009 0.4115914695319675 3
1769011735189 0.34402654461917426 4
1769011752251 0.2959219834190749 5
1769011768845 0.2506523400190331 6
1769011785766 0.2170099267469985 7
1769011802772 0.1888660957504596 8
1769011819514 0.19866599253423156 9
1769011836156 0.163650511897036 10
1769011852621 0.13011690375528165 11
1769011869306 0.12295140893686385 12
1769011886007 0.09951111366085354 13
1769011902461 0.10584180047070342 14
1769011919096 0.10850760748698599 15
1769011935722 0.10358247412590399 16
1769011667607 1.616061548391978 0
1769011667607 1.616061548391978 0
1769011667607 1.616061548391978 0
