1769011667607 0.41257440476190477 0
1769011684387 0.7440476190476191 1
1769011701124 0.8244047619047619 2
1769011718009 0.8675595238095238 3
1769011735189 0.8895089285714286 4
1769011752251 0.9029017857142857 5
1769011768845 0.9229910714285714 6
1769011785766 0.9348958333333334 7
1769011802772 0.9304315476190477 8
1769011819514 0.9378720238095238 9
1769011836156 0.9453125 10
1769011852621 0.9572172619047619 11
1769011869306 0.9616815476190477 12
1769011886007 0.9661458333333334 13
1769011902461 0.9650297619047619 14
1769011919096 0.9631696428571429 15
1769011935722 0.9668898809523809 16
1769011667607 0.41257440476190477 0
1769011667607 0.41257440476190477 0
1769011667607 0.41257440476190477 0
