1769112727819 0.32157295112091144 0
1769112730376 0.6508636530687247 1
1769112733012 0.7861080485115767 2
1769112735459 0.8408673281881661 3
1769112737968 0.8834987137081955 4
1769112740592 0.8967291436971702 5
1769112743140 0.9195148842337376 6
1769112745646 0.9290701947813303 7
1769112748080 0.9290701947813303 8
1769112750613 0.9474457919882396 9
1769112753119 0.9452407203234106 10
1769112755574 0.9503858875413451 11
1769112758033 0.9573686144799706 12
1769112760517 0.9577361264241088 13
1769112762963 0.9672914369717016 14
1769112765447 0.966188901139287 15
1769112767995 0.9625137816979051 16
