1769112727819 1.783272945603659 0
1769112730376 1.1353326606196026 1
1769112733012 0.6926732957363129 2
1769112735459 0.4920025641141936 3
1769112737968 0.3869446557621623 4
1769112740592 0.3153345875961836 5
1769112743140 0.25059549111959545 6
1769112745646 0.2176541031100029 7
1769112748080 0.22141829254322273 8
1769112750613 0.17129643244105716 9
1769112753119 0.16242149870756062 10
1769112755574 0.14708868812683018 11
1769112758033 0.12688132540084596 12
1769112760517 0.12460132528009803 13
1769112762963 0.0989031408761823 14
1769112765447 0.10595515469998815 15
1769112767995 0.11016444489359856 16
