1769112617511 1.7493940818877447 0
1769112620037 1.1560193456354595 1
1769112622510 0.7280844520954859 2
1769112624961 0.5468275454782304 3
1769112627313 0.429925548178809 4
1769112629678 0.3312241701143129 5
1769112632130 0.2825889860590299 6
1769112634536 0.25513172291574027 7
1769112636870 0.19059148413084803 8
1769112639287 0.1793406986232315 9
1769112641671 0.16016180458522977 10
1769112644112 0.15391418355561437 11
1769112646598 0.14984312059269064 12
1769112649044 0.11662240623540822 13
1769112651351 0.1258140962925695 14
1769112653811 0.13230345779586405 15
1769112656236 0.10113925234015499 16
1769112658602 0.1095181034789199 17
1769112661024 0.10922900436534769 18
1769112663444 0.09670162848418667 19
1769112665847 0.11138622739928819 20
1769112668278 0.09155759312922046 21
