1769112617511 0.3501517450682853 0
1769112620037 0.6418816388467374 1
1769112622510 0.7826251896813353 2
1769112624961 0.825113808801214 3
1769112627313 0.8668437025796661 4
1769112629678 0.8964339908952959 5
1769112632130 0.9074355083459787 6
1769112634536 0.9241274658573596 7
1769112636870 0.9377845220030349 8
1769112639287 0.9468892261001517 9
1769112641671 0.9476479514415781 10
1769112644112 0.954855842185129 11
1769112646598 0.956752655538695 12
1769112649044 0.9628224582701063 13
1769112651351 0.958649468892261 14
1769112653811 0.9571320182094082 15
1769112656236 0.9696509863429439 16
1769112658602 0.9677541729893778 17
1769112661024 0.9669954476479514 18
1769112663444 0.9685128983308042 19
1769112665847 0.966236722306525 20
1769112668278 0.9696509863429439 21
