1769112805327 0.1377339293790418 0
1769112807795 0.1274643098978802 1
1769112810334 0.12521694011466447 2
1769112812874 0.11127438690773277 3
1769112815382 0.1081794093168059 4
1769112817895 0.09979863044654214 5
1769112820369 0.09938892410245052 6
1769112822804 0.1019234231478253 7
1769112825207 0.09167708963329016 8
1769112827653 0.0956706307655157 9
1769112830098 0.09761278560861598 10
1769112832537 0.08491975289964399 11
1769112835067 0.09268755639015241 12
1769112837507 0.08162942727984385 13
1769112876102 0.13628146294937576 0
1769112878199 0.12372867009320924 1
1769112880177 0.12392730257192323 2
1769112882137 0.11766990620729535 3
1769112884132 0.12423527149786782 4
1769112886004 0.10435714711283528 5
1769112887989 0.09429669193923473 6
1769112889907 0.10444736662645672 7
1769112891913 0.10233386995833973 8
1769112893863 0.08159052710547003 9
1769112895779 0.08742489925650664 10
