1769112805327 0.9584711503123852 0
1769112807795 0.9665564130834252 1
1769112810334 0.960308710033076 2
1769112812874 0.9709665564130834 3
1769112815382 0.9665564130834252 4
1769112817895 0.9717015803013598 5
1769112820369 0.9713340683572216 6
1769112822804 0.9731716280779126 7
1769112825207 0.9750091877986035 8
1769112827653 0.9698640205806689 9
1769112830098 0.9713340683572216 10
1769112832537 0.9735391400220507 11
1769112835067 0.9739066519661889 12
1769112837507 0.9772142594634325 13
1769112876102 0.9566335905916943 0
1769112878199 0.9654538772510106 1
1769112880177 0.9625137816979051 2
1769112882137 0.9650863653068724 3
1769112884132 0.9617787578096288 4
1769112886004 0.9705990444689453 5
1769112887989 0.9724366041896362 6
1769112889907 0.9731716280779126 7
1769112891913 0.9713340683572216 8
1769112893863 0.9739066519661889 9
1769112895779 0.9728041161337744 10
