1769112017000 1.7678318106850912 0
1769112019524 1.143027660458587 1
1769112022133 0.7117583543755287 2
1769112024724 0.5043830691381942 3
1769112027235 0.37165774301041005 4
1769112029730 0.31105992925721543 5
1769112032301 0.27769765535066293 6
1769112034750 0.22895221620105033 7
1769112037221 0.23438349972630657 8
1769112039723 0.1751434563897377 9
1769112042296 0.14349056970934534 10
1769112044839 0.13829912089331206 11
1769112047342 0.11702067526273949 12
1769112049867 0.11732225436284098 13
1769112052341 0.11823252787770228 14
1769112054737 0.08969544868396465 15
1769112057234 0.08998387350245964 16
1769112059734 0.07313395317557246 17
1769112062165 0.08666851804700008 18
1769112064689 0.07449246566136215 19
