1769112017000 0.3436123348017621 0
1769112019524 0.6512481644640234 1
1769112022133 0.7698237885462555 2
1769112024724 0.8395741556534508 3
1769112027235 0.8828928046989721 4
1769112029730 0.9012481644640234 5
1769112032301 0.9111600587371512 6
1769112034750 0.9262114537444934 7
1769112037221 0.9236417033773862 8
1769112039723 0.948237885462555 9
1769112042296 0.9541116005873715 10
1769112044839 0.960352422907489 11
1769112047342 0.9625550660792952 12
1769112049867 0.961453744493392 13
1769112052341 0.9618208516886931 14
1769112054737 0.9720998531571219 15
1769112057234 0.972834067547724 16
1769112059734 0.9787077826725403 17
1769112062165 0.9713656387665198 18
1769112064689 0.9717327459618208 19
