1769112101994 0.9845814977973568 0
1769112104493 0.9900881057268722 1
1769112107005 0.9886196769456681 2
1769112109507 0.987151248164464 3
1769112111855 0.9919236417033774 4
1769112114278 0.9922907488986784 5
1769112116842 0.9933920704845814 6
1769112119266 0.9889867841409692 7
1769112121751 0.9911894273127754 8
1769112124252 0.9922907488986784 9
1769112126740 0.9926578560939795 10
1769112129212 0.9915565345080763 11
1769112131627 0.9900881057268722 12
1769112169631 0.9812775330396476 0
1769112171673 0.9838472834067548 1
1769112173663 0.9882525697503671 2
1769112175566 0.9919236417033774 3
1769112177464 0.987151248164464 4
1769112179434 0.9886196769456681 5
1769112181365 0.9926578560939795 6
1769112183297 0.9911894273127754 7
1769112185205 0.9911894273127754 8
1769112187190 0.9875183553597651 9
1769112189015 0.9919236417033774 10
1769112190888 0.9897209985315712 11
