1769112101994 0.05228307321234498 0
1769112104493 0.040018856882789104 1
1769112107005 0.037336974772949554 2
1769112109507 0.04127108660894771 3
1769112111855 0.030767465367653343 4
1769112114278 0.031066068523931643 5
1769112116842 0.027557585204323363 6
1769112119266 0.035298568900501315 7
1769112121751 0.031075748170964246 8
1769112124252 0.027061560819315357 9
1769112126740 0.027538466586753033 10
1769112129212 0.02627065138848022 11
1769112131627 0.03703050005119727 12
1769112169631 0.062125423500790845 0
1769112171673 0.050312518878558345 1
1769112173663 0.04121832684938644 2
1769112175566 0.03211016167864897 3
1769112177464 0.04413770969827161 4
1769112179434 0.0323320883867699 5
1769112181365 0.026800021799931 6
1769112183297 0.03296046405164308 7
1769112185205 0.030391531671549 8
1769112187190 0.03432912308029657 9
1769112189015 0.02829139473913021 10
1769112190888 0.029296510019014742 11
