1769111893993 1.8170714974403381 0
1769111896803 1.2252831600961231 1
1769111899348 0.7339186540671757 2
1769111901792 0.5269240701482409 3
1769111904219 0.3820074725718725 4
1769111906654 0.3312626214964049 5
1769111909116 0.28300745217573076 6
1769111911472 0.25636915898039225 7
1769111913796 0.20516915601633845 8
1769111916162 0.18064768009242557 9
1769111918521 0.16242208411651 10
1769111920968 0.14531289058781804 11
1769111923396 0.12912663506964842 12
1769111925841 0.11988407870133717 13
1769111928269 0.11160127126744815 14
1769111930764 0.10259039221065384 15
1769111933155 0.08938663940699328 16
1769111935600 0.09535391504565875 17
1769111937972 0.09635376624230828 18
1769111940344 0.09688590342799823 19
1769111942705 0.08046090137213469 20
1769111945078 0.07475606063824325 21
1769111947530 0.06477123747269313 22
1769111949946 0.07212786902008313 23
1769111952268 0.048446740001617444 24
1769111954680 0.050873761054217106 25
1769111957092 0.07058209244028799 26
1769111959587 0.057426564107161196 27
1769111961977 0.05413926733169882 28
1769111964339 0.05654014500656298 29
1769111966671 0.057825824888866575 30
1769111969079 0.042925009104822366 31
1769111971484 0.049641251841205214 32
1769111973864 0.05148766788520983 33
1769111976245 0.03971122029525716 34
1769111978661 0.03396216532703312 35
