1769111893993 0.28808446455505277 0
1769111896803 0.6225490196078431 1
1769111899348 0.7767722473604827 2
1769111901792 0.8261689291101055 3
1769111904219 0.8823529411764706 4
1769111906654 0.8936651583710408 5
1769111909116 0.9087481146304676 6
1769111911472 0.9144042232277526 7
1769111913796 0.9355203619909502 8
1769111916162 0.9430618401206636 9
1769111918521 0.9521116138763197 10
1769111920968 0.9543740573152338 11
1769111923396 0.9592760180995475 12
1769111925841 0.9596530920060332 13
1769111928269 0.9626696832579186 14
1769111930764 0.9641779788838613 15
1769111933155 0.971342383107089 16
1769111935600 0.9694570135746606 17
1769111937972 0.9694570135746606 18
1769111940344 0.970211161387632 19
1769111942705 0.9777526395173454 20
1769111945078 0.9766214177978884 21
1769111947530 0.9788838612368024 22
1769111949946 0.979260935143288 23
1769111952268 0.9875565610859729 24
1769111954680 0.9841628959276018 25
1769111957092 0.9785067873303167 26
1769111959587 0.9803921568627451 27
1769111961977 0.9845399698340875 28
1769111964339 0.9815233785822021 29
1769111966671 0.9841628959276018 30
1769111969079 0.9864253393665159 31
1769111971484 0.9864253393665159 32
1769111973864 0.9856711915535445 33
1769111976245 0.9856711915535445 34
1769111978661 0.9883107088989442 35
