1769106472487 0.34115920763022745 0
1769106475080 0.6621423330887748 1
1769106477641 0.7857666911225238 2
1769106480173 0.8382245047688921 3
1769106482648 0.8848129126925899 4
1769106485157 0.9031548055759354 5
1769106487669 0.917094644167278 6
1769106490271 0.9416727806309612 7
1769106492804 0.9383712399119589 8
1769106495319 0.9435069699192957 9
1769106497785 0.9512105649303008 10
1769106500393 0.9501100513573001 11
1769106502882 0.9552457813646368 12
1769106505314 0.9600146735143067 13
1769106507810 0.9695524578136464 14
1769106510248 0.971019809244314 15
1769106512672 0.9658840792369773 16
1769106515185 0.9699192956713133 17
1769106517668 0.9746881878209831 18
1769106520163 0.9765223771093177 19
1769106522714 0.9823917828319882 20
1769106525160 0.9823917828319882 21
1769106527650 0.9776228906823184 22
1769106530116 0.9772560528246516 23
1769106532557 0.9838591342626559 24
1769106535106 0.9809244314013206 25
1769106537673 0.9845928099779897 26
