1769106472487 1.757475772569346 0
1769106475080 1.1143594758455144 1
1769106477641 0.6771155817564144 2
1769106480173 0.4931747684645098 3
1769106482648 0.3713619948126549 4
1769106485157 0.2901708504488302 5
1769106487669 0.2548159787128138 6
1769106490271 0.20277316954939864 7
1769106492804 0.19568181852268618 8
1769106495319 0.17454707891095517 9
1769106497785 0.14980315876215003 10
1769106500393 0.1560609196854192 11
1769106502882 0.13339184770403906 12
1769106505314 0.12366519383219786 13
1769106507810 0.0917798318835192 14
1769106510248 0.09251337416123512 15
1769106512672 0.10563853019198706 16
1769106515185 0.08881251397001189 17
1769106517668 0.07791842366460451 18
1769106520163 0.0761057144074246 19
1769106522714 0.06159712870193775 20
1769106525160 0.061399892882205716 21
1769106527650 0.06676089945574139 22
1769106530116 0.06626356395264697 23
1769106532557 0.04813877124945785 24
1769106535106 0.060353602261044255 25
1769106537673 0.04565124485511766 26
