1769106574800 0.9724871606749816 0
1769106577299 0.9746881878209831 1
1769106579803 0.9827586206896551 2
1769106582291 0.979457079970653 3
1769106584855 0.983125458547322 4
1769106587350 0.9809244314013206 5
1769106589814 0.983492296404989 6
1769106592273 0.9864269992663243 7
1769106594733 0.9856933235509905 8
1769106597241 0.987527512839325 9
1769106599811 0.9904622157006603 10
1769106602272 0.9882611885546588 11
1769106604680 0.9856933235509905 12
1769106607126 0.987527512839325 13
1769106645029 0.9699192956713133 0
1769106646946 0.9783565663976522 1
1769106649032 0.9801907556859868 2
1769106650999 0.9812912692589876 3
1769106653063 0.9871606749816582 4
1769106655081 0.9849596478356566 5
1769106657016 0.9827586206896551 6
1769106658989 0.9871606749816582 7
1769106661016 0.9849596478356566 8
1769106663047 0.9860601614086574 9
1769106664981 0.9827586206896551 10
1769106666920 0.9856933235509905 11
