1769106341925 0.35056603773584905 0
1769106344364 0.6445283018867924 1
1769106346809 0.7739622641509434 2
1769106349247 0.84 3
1769106351764 0.8766037735849057 4
1769106354201 0.9060377358490566 5
1769106356691 0.9132075471698113 6
1769106359072 0.9241509433962264 7
1769106361501 0.94 8
1769106363904 0.9384905660377358 9
1769106366374 0.9543396226415094 10
1769106368861 0.9607547169811321 11
1769106371260 0.9633962264150944 12
1769106373709 0.9716981132075472 13
1769106376033 0.9683018867924529 14
1769106378393 0.969811320754717 15
1769106380842 0.9728301886792453 16
1769106383365 0.9633962264150944 17
1769106385813 0.9732075471698113 18
1769106388218 0.9750943396226415 19
1769106390635 0.9777358490566038 20
1769106393070 0.9769811320754717 21
1769106395443 0.9845283018867924 22
1769106397982 0.98 23
1769106400366 0.979622641509434 24
1769106402768 0.9818867924528302 25
1769106405165 0.9909433962264151 26
1769106407546 0.989811320754717 27
1769106409926 0.9815094339622642 28
1769106412363 0.980754716981132 29
