1769106574800 0.09651250026167132 0
1769106577299 0.07711967466355757 1
1769106579803 0.06687679297702256 2
1769106582291 0.06506997983642789 3
1769106584855 0.05375597745093495 4
1769106587350 0.06001874891131423 5
1769106589814 0.057770371112192784 6
1769106592273 0.04998155336740405 7
1769106594733 0.049778843146943766 8
1769106597241 0.04121394819298456 9
1769106599811 0.038524907970324505 10
1769106602272 0.04484048991485737 11
1769106604680 0.04390185037194643 12
1769106607126 0.03964986067351907 13
1769106645029 0.10640053648155096 0
1769106646946 0.06855180675467086 1
1769106649032 0.06731109403420327 2
1769106650999 0.05871689016389292 3
1769106653063 0.053054436954647996 4
1769106655081 0.055196025127241775 5
1769106657016 0.05661688043281089 6
1769106658989 0.04514219910772734 7
1769106661016 0.05527724054923584 8
1769106663047 0.043734140066040116 9
1769106664981 0.05628285929560661 10
1769106666920 0.049066392033425874 11
