1769106341925 1.7591362340109689 0
1769106344364 1.1577583750089009 1
1769106346809 0.714770121943383 2
1769106349247 0.5037905765431268 3
1769106351764 0.3880905359983444 4
1769106354201 0.2939153388142586 5
1769106356691 0.2724015253285567 6
1769106359072 0.2389489681947799 7
1769106361501 0.1861358449927398 8
1769106363904 0.19093212343397595 9
1769106366374 0.14301902312962783 10
1769106368861 0.11604553257070836 11
1769106371260 0.11481375180717025 12
1769106373709 0.09944728721997567 13
1769106376033 0.10168894699641637 14
1769106378393 0.10393821297302133 15
1769106380842 0.10332006340225537 16
1769106383365 0.10563923369738318 17
1769106385813 0.0827527583266298 18
1769106388218 0.07618857463378281 19
1769106390635 0.06646856993791603 20
1769106393070 0.06937549813162713 21
1769106395443 0.0562608008982525 22
1769106397982 0.061861516043011634 23
1769106400366 0.06561977360841065 24
1769106402768 0.05358149808654118 25
1769106405165 0.0340604124302488 26
1769106407546 0.0363774491318812 27
1769106409926 0.05924528583307706 28
1769106412363 0.0577663475026687 29
