1769104575511 0.3585383502170767 0
1769104577794 0.6711287988422576 1
1769104579970 0.7977568740955138 2
1769104582187 0.847684515195369 3
1769104584378 0.8845875542691751 4
1769104586547 0.8976121562952243 5
1769104588711 0.9218523878437048 6
1769104590909 0.9327062228654125 7
1769104593036 0.9341534008683068 8
1769104595141 0.9475397973950795 9
1769104597255 0.9551374819102749 10
1769104599392 0.9526049204052098 11
1769104601588 0.9544138929088278 12
1769104603732 0.9659913169319826 13
1769104605842 0.9706946454413893 14
1769104607989 0.9692474674384949 15
1769104610168 0.9757597684515196 16
1769104612279 0.9706946454413893 17
1769104614503 0.9757597684515196 18
1769104616627 0.981548480463097 19
1769104618772 0.9837192474674384 20
1769104620909 0.9797395079594791 21
1769104623078 0.9772069464544139 22
1769104625200 0.9757597684515196 23
1769104627393 0.9801013024602026 24
1769104629458 0.9826338639652678 25
1769104631554 0.9811866859623734 26
1769104633668 0.9808248914616498 27
1769104635772 0.9808248914616498 28
1769104637899 0.9782923299565847 29
1769104639981 0.9855282199710564 30
1769104642068 0.984081041968162 31
