1769104575511 1.7578849955038591 0
1769104577794 1.0833536278117786 1
1769104579970 0.6549073972485282 2
1769104582187 0.47041184455156326 3
1769104584378 0.35911164940758183 4
1769104586547 0.3055358593436805 5
1769104588711 0.2603066780350425 6
1769104590909 0.23493682372976432 7
1769104593036 0.2045346058227799 8
1769104595141 0.1626436226916584 9
1769104597255 0.14786365484310823 10
1769104599392 0.14453795967115599 11
1769104601588 0.13908264599740505 12
1769104603732 0.10505372459407557 13
1769104605842 0.10106836555694992 14
1769104607989 0.0949097860773856 15
1769104610168 0.08466743089428003 16
1769104612279 0.08675210376862776 17
1769104614503 0.07766166337850419 18
1769104616627 0.05891084154559807 19
1769104618772 0.055123190776529635 20
1769104620909 0.06555001880042255 21
1769104623078 0.07478709250095893 22
1769104625200 0.06858605049042539 23
1769104627393 0.06658703642262315 24
1769104629458 0.05422822570174255 25
1769104631554 0.0538863726224835 26
1769104633668 0.07283673003654588 27
1769104635772 0.06396874249912798 28
1769104637899 0.07198763691650872 29
1769104639981 0.052371943538839165 30
1769104642068 0.05381118777123364 31
