1769104679832 0.09484146315265786 0
1769104682061 0.05897909401788969 1
1769104684223 0.053658513923768296 2
1769104686423 0.05078111119060354 3
1769104688514 0.048317600740119815 4
1769104690606 0.057566233476708556 5
1769104692709 0.05227809623730453 6
1769104694795 0.04475232215852223 7
1769104696822 0.04309994041581045 8
1769104698933 0.040032718764533376 9
1769104701053 0.03192310582380742 10
1769104703155 0.03805749294009398 11
1769104705264 0.03292364213319326 12
1769104742846 0.09657057738778266 0
1769104744957 0.06930221033028582 1
1769104746966 0.058239232706414026 2
1769104748849 0.05256962356030603 3
1769104750755 0.05294011741749604 4
1769104752707 0.055677878596311944 5
1769104754663 0.05603670282289386 6
1769104756641 0.04344514553138817 7
1769104758550 0.05610913055186922 8
1769104760704 0.03707675208252939 9
1769104762918 0.047863492953845045 10
1769104764846 0.03848255826795304 11
