1769104453838 1.7831874773615883 0
1769104456026 1.1530015213148934 1
1769104458167 0.692409988670122 2
1769104460369 0.4803109530891691 3
1769104462479 0.3606832300623258 4
1769104464614 0.29232211588394075 5
1769104466738 0.2400871848776227 6
1769104468771 0.2108308406812804 7
1769104470916 0.18603192713289035 8
1769104473028 0.15680976673251107 9
1769104475153 0.13656737531224886 10
1769104477185 0.14663083913425604 11
1769104479180 0.11821094909239382 12
1769104481288 0.09693322020272414 13
1769104483341 0.1113360517968734 14
1769104485358 0.09298787476672303 15
1769104487440 0.08225081843279657 16
1769104489512 0.06903086172505504 17
1769104491584 0.06677568785934931 18
1769104493664 0.05524795262941292 19
1769104495664 0.05291920051067358 20
1769104497708 0.06068098827797387 21
1769104499728 0.06225032556713337 22
1769104501817 0.049106491840488854 23
1769104503802 0.060532701445654744 24
1769104505812 0.04871534790089797 25
1769104507868 0.0438338616153314 26
1769104509909 0.045092560905253605 27
1769104511952 0.03644500670599796 28
1769104513904 0.04680550176029404 29
1769104515948 0.047681837143110375 30
1769104517935 0.040636821245286794 31
1769104519928 0.04504728369370457 32
