1769104453838 0.34226190476190477 0
1769104456026 0.6506696428571429 1
1769104458167 0.7894345238095238 2
1769104460369 0.8433779761904762 3
1769104462479 0.8876488095238095 4
1769104464614 0.9084821428571429 5
1769104466738 0.9241071428571429 6
1769104468771 0.9348958333333334 7
1769104470916 0.9386160714285714 8
1769104473028 0.9471726190476191 9
1769104475153 0.9575892857142857 10
1769104477185 0.9516369047619048 11
1769104479180 0.9639136904761905 12
1769104481288 0.9683779761904762 13
1769104483341 0.9616815476190477 14
1769104485358 0.9706101190476191 15
1769104487440 0.9761904761904762 16
1769104489512 0.9743303571428571 17
1769104491584 0.9754464285714286 18
1769104493664 0.9840029761904762 19
1769104495664 0.9825148809523809 20
1769104497708 0.9780505952380952 21
1769104499728 0.9791666666666666 22
1769104501817 0.9832589285714286 23
1769104503802 0.9828869047619048 24
1769104505812 0.9854910714285714 25
1769104507868 0.9862351190476191 26
1769104509909 0.9862351190476191 27
1769104511952 0.9884672619047619 28
1769104513904 0.9854910714285714 29
1769104515948 0.9862351190476191 30
1769104517935 0.9869791666666666 31
1769104519928 0.9866071428571429 32
