1769104679832 0.9772069464544139 0
1769104682061 0.981548480463097 1
1769104684223 0.9819102749638206 2
1769104686423 0.9819102749638206 3
1769104688514 0.9880607814761215 4
1769104690606 0.9873371924746743 5
1769104692709 0.9837192474674384 6
1769104694795 0.9844428364688856 7
1769104696822 0.9866136034732272 8
1769104698933 0.9880607814761215 9
1769104701053 0.9942112879884226 10
1769104703155 0.9884225759768451 11
1769104705264 0.9880607814761215 12
1769104742846 0.9775687409551375 0
1769104744957 0.9797395079594791 1
1769104746966 0.9822720694645442 2
1769104748849 0.9844428364688856 3
1769104750755 0.983357452966715 4
1769104752707 0.984081041968162 5
1769104754663 0.984081041968162 6
1769104756641 0.9876989869753979 7
1769104758550 0.9826338639652678 8
1769104760704 0.9898697539797395 9
1769104762918 0.9862518089725036 10
1769104764846 0.9880607814761215 11
