1769008543395 1.6527239098435356 0
1769008559942 0.9178156476645243 1
1769008576696 0.5866491301428705 2
1769008593125 0.4336048165957133 3
1769008609647 0.35429845856768744 4
1769008626147 0.28117191454484347 5
1769008643004 0.2426675700449518 6
1769008659751 0.2029260281207306 7
1769008676462 0.18828831528801293 8
1769008693173 0.16463290620595217 9
1769008710233 0.15133619641086885 10
1769008726956 0.14401996707809822 11
1769008744184 0.14394110501078622 12
1769008761061 0.1188895954484386 13
1769008778651 0.10792011664515096 14
1769008795472 0.13793243314804776 15
1769008812201 0.09611922169902495 16
1769008829514 0.10217772770140852 17
1769008847398 0.08946107479832358 18
1769008864516 0.07724850481220831 19
1769008543395 1.6527239098435356 0
1769008543395 1.6527239098435356 0
1769008543395 1.6527239098435356 0
