1769008543395 0.389634601043997 0
1769008559942 0.7013422818791947 1
1769008576696 0.8031319910514542 2
1769008593125 0.8564504101416853 3
1769008609647 0.8791946308724832 4
1769008626147 0.9038031319910514 5
1769008643004 0.9205816554809844 6
1769008659751 0.9347501864280388 7
1769008676462 0.9422073079791201 8
1769008693173 0.9433258762117822 9
1769008710233 0.9519015659955258 10
1769008726956 0.9515287099179717 11
1769008744184 0.9530201342281879 12
1769008761061 0.9634601043997018 13
1769008778651 0.9664429530201343 14
1769008795472 0.953392990305742 15
1769008812201 0.9686800894854586 16
1769008829514 0.9653243847874721 17
1769008847398 0.9716629381058911 18
1769008864516 0.9742729306487695 19
1769008543395 0.389634601043997 0
1769008543395 0.389634601043997 0
1769008543395 0.389634601043997 0
