1769113387542 0.35120350109409193 0
1769113390114 0.6714077315827863 1
1769113392722 0.7913931436907367 2
1769113395183 0.8439095550692924 3
1769113397749 0.8847556528081693 4
1769113400156 0.8989788475565281 5
1769113402642 0.9146608315098468 6
1769113405177 0.9423778264040846 7
1769113407683 0.9438366156090445 8
1769113410005 0.949307075127644 9
1769113412431 0.950036469730124 10
1769113414918 0.9584245076586433 11
1769113417474 0.9511305616338439 12
1769113419965 0.9606126914660832 13
1769113422471 0.9675419401896426 14
1769113424944 0.9602479941648432 15
1769113427531 0.9635302698760029 16
1769113430137 0.9722830051057623 17
1769113432616 0.9792122538293216 18
1769113435201 0.9766593727206418 19
1769113437604 0.9708242159008024 20
1769113440019 0.9784828592268418 21
1769113442493 0.9817651349380014 22
1769113444918 0.9814004376367614 23
1769113447366 0.9839533187454412 24
1769113449846 0.9803063457330415 25
1769113452367 0.9854121079504011 26
1769113454815 0.9854121079504011 27
1769113457339 0.9843180160466812 28
1769113459832 0.9846827133479212 29
1769113462385 0.986506199854121 30
1769113464792 0.986506199854121 31
1769113467238 0.986870897155361 32
1769113469749 0.986506199854121 33
1769113472184 0.9916119620714807 34
1769113474625 0.986870897155361 35
