1769113387542 1.7769865074823068 0
1769113390114 1.1192649103874384 1
1769113392722 0.6790047308733297 2
1769113395183 0.47598326518092043 3
1769113397749 0.37130537767742955 4
1769113400156 0.2965924861126168 5
1769113402642 0.25684622242007143 6
1769113405177 0.21003908126853232 7
1769113407683 0.17687106981526973 8
1769113410005 0.16300631193227547 9
1769113412431 0.14899477561892466 10
1769113414918 0.13879275521220164 11
1769113417474 0.14754672539095545 12
1769113419965 0.1261652463743853 13
1769113422471 0.11058499980284724 14
1769113424944 0.1143759417152682 15
1769113427531 0.10632165776955527 16
1769113430137 0.08809850858741028 17
1769113432616 0.07417370028100735 18
1769113435201 0.08039280217747356 19
1769113437604 0.08444986063553843 20
1769113440019 0.06412684631555579 21
1769113442493 0.06003338167833727 22
1769113444918 0.057320689858305594 23
1769113447366 0.05517894784421768 24
1769113449846 0.05770475844051256 25
1769113452367 0.05207407964003641 26
1769113454815 0.05056898148600445 27
1769113457339 0.050696480867647845 28
1769113459832 0.048384029082520756 29
1769113462385 0.04688664747207144 30
1769113464792 0.0386552200002899 31
1769113467238 0.042890813223324546 32
1769113469749 0.040308335384483945 33
1769113472184 0.032621884518194685 34
1769113474625 0.04618053692717885 35
