1769113262016 1.7848190267880757 0
1769113264530 1.1331417518002647 1
1769113267008 0.6793065958079838 2
1769113269351 0.48390314266795204 3
1769113271729 0.4015744108529318 4
1769113274120 0.3305561460909389 5
1769113276467 0.26644319561975344 6
1769113278780 0.23586711571330116 7
1769113281164 0.19992289834079288 8
1769113283512 0.17472836339757555 9
1769113285960 0.16229591758123466 10
1769113288319 0.14150796396036944 11
1769113290761 0.12666991104682288 12
1769113293172 0.14503425200070655 13
1769113295674 0.11955860558719862 14
1769113298065 0.0941719270887829 15
1769113300489 0.09271144308149815 16
1769113302907 0.09173944933960836 17
1769113305361 0.07735857196773092 18
1769113307895 0.07960611834589924 19
1769113310309 0.08404729413312106 20
1769113312668 0.08122737244481132 21
1769113314986 0.07754352014689218 22
1769113317442 0.04957970377013442 23
1769113319851 0.05501712696804177 24
1769113322421 0.06484873958730272 25
1769113324854 0.06152835640213674 26
1769113327282 0.053335171059838364 27
1769113329604 0.042125382527176826 28
1769113332051 0.058293254646871774 29
1769113334424 0.05719621424075393 30
1769113336826 0.08418652284446926 31
1769113339174 0.05199156167163026 32
1769113341554 0.04890794763785033 33
1769113343965 0.042317222726220884 34
1769113346355 0.03568141216722628 35
1769113348775 0.03769679531078076 36
