1769113512009 0.9766593727206418 0
1769113514469 0.9839533187454412 1
1769113516919 0.9828592268417213 2
1769113519371 0.986506199854121 3
1769113521873 0.9861415025528811 4
1769113524231 0.9879649890590809 5
1769113526646 0.986506199854121 6
1769113529153 0.987600291757841 7
1769113531720 0.9908825674690007 8
1769113534115 0.9923413566739606 9
1769113536597 0.9901531728665208 10
1769113574633 0.9795769511305616 0
1769113576601 0.986506199854121 1
1769113578624 0.9843180160466812 2
1769113580482 0.9890590809628009 3
1769113582412 0.987235594456601 4
1769113584360 0.9912472647702407 5
1769113586365 0.9897884755652808 6
1769113588391 0.9883296863603209 7
1769113590448 0.9890590809628009 8
1769113592340 0.9897884755652808 9
1769113594252 0.9901531728665208 10
