1769113262016 0.3223981900452489 0
1769113264530 0.6591251885369532 1
1769113267008 0.7850678733031674 2
1769113269351 0.8499245852187028 3
1769113271729 0.8676470588235294 4
1769113274120 0.8978129713423831 5
1769113276467 0.9219457013574661 6
1769113278780 0.9253393665158371 7
1769113281164 0.9355203619909502 8
1769113283512 0.94947209653092 9
1769113285960 0.9509803921568627 10
1769113288319 0.950603318250377 11
1769113290761 0.9585218702865762 12
1769113293172 0.947209653092006 13
1769113295674 0.9611613876319759 14
1769113298065 0.972473604826546 15
1769113300489 0.9720965309200603 16
1769113302907 0.9694570135746606 17
1769113305361 0.9754901960784313 18
1769113307895 0.97473604826546 19
1769113310309 0.971342383107089 20
1769113312668 0.9732277526395173 21
1769113314986 0.9762443438914027 22
1769113317442 0.9841628959276018 23
1769113319851 0.9849170437405732 24
1769113322421 0.9803921568627451 25
1769113324854 0.9815233785822021 26
1769113327282 0.9856711915535445 27
1769113329604 0.9883107088989442 28
1769113332051 0.9822775263951734 29
1769113334424 0.9860482654600302 30
1769113336826 0.9743589743589743 31
1769113339174 0.9815233785822021 32
1769113341554 0.9834087481146304 33
1769113343965 0.9879336349924586 34
1769113346355 0.9905731523378583 35
1769113348775 0.9898190045248869 36
