1769113512009 0.07451081925699878 0
1769113514469 0.05245114076709331 1
1769113516919 0.05773457852300516 2
1769113519371 0.03700994672037141 3
1769113521873 0.04597045345838333 4
1769113524231 0.03635633596067512 5
1769113526646 0.03909941399903145 6
1769113529153 0.033294822511718024 7
1769113531720 0.028820045693062766 8
1769113534115 0.028090586874980564 9
1769113536597 0.03158043085619114 10
1769113574633 0.06066927439424881 0
1769113576601 0.05362150766128718 1
1769113578624 0.04982471179087148 2
1769113580482 0.0391850845758305 3
1769113582412 0.03912747917740151 4
1769113584360 0.030599012970924377 5
1769113586365 0.03636598438674281 6
1769113588391 0.03199260213498979 7
1769113590448 0.040154747719075096 8
1769113592340 0.03461796982040585 9
1769113594252 0.03516019470339944 10
