1768979398416 1.6269060728095828 0
1768979439748 0.8354076100956827 1
1768979479488 0.5239755843012106 2
1768979519285 0.4001465306750366 3
1768979558712 0.3244955905136608 4
1768979598641 0.26355480535754133 5
1768979638556 0.22372934000477904 6
1768979677444 0.2208524239027784 7
1768979717503 0.17562367270390192 8
1768979758069 0.1429727142676711 9
1768979797296 0.15335627822648912 10
1768979835903 0.12457360020129099 11
1768979874673 0.12715931622577564 12
1768979913539 0.10587988488952674 13
1768979950571 0.09939790089126854 14
1768979989126 0.1028433000846278 15
1768980027204 0.09339816698671452 16
1768980065772 0.08532513714661556 17
1768980104543 0.07836714373635394 18
1768980143558 0.07799021447897844 19
1768980181721 0.06386768520211003 20
1768980218165 0.058154493575871345 21
1768979398416 1.6269060728095828 0
1768979398416 1.6269060728095828 0
1768979398416 1.6269060728095828 0
