1768980260974 0.9529667149059334 0
1768980299435 0.961287988422576 1
1768980337994 0.9732272069464544 2
1768980376402 0.9725036179450073 3
1768980415571 0.9714182344428365 4
1768980454592 0.9728654124457308 5
1768980493847 0.973589001447178 6
1768980532383 0.9779305354558611 7
1768980571671 0.9739507959479016 8
1768980611175 0.9786541244573083 9
1768980650919 0.9797395079594791 10
1768980690647 0.9808248914616498 11
1768980730017 0.9775687409551375 12
1768980769458 0.983357452966715 13
1768980260974 0.9529667149059334 0
