1768980260974 0.1265645695250781 0
1768980299435 0.115225066784127 1
1768980337994 0.09318954353060188 2
1768980376402 0.09568258158691313 3
1768980415571 0.08541135629103787 4
1768980454592 0.08314458443515602 5
1768980493847 0.08772526876251588 6
1768980532383 0.07364827231771645 7
1768980571671 0.07762349616393618 8
1768980611175 0.07208535921941886 9
1768980650919 0.0722671898360225 10
1768980690647 0.06859040045147312 11
1768980730017 0.0658946387662456 12
1768980769458 0.06451675677993174 13
1768980260974 0.1265645695250781 0
