1768979398416 0.42075892857142855 0
1768979439748 0.7414434523809523 1
1768979479488 0.8337053571428571 2
1768979519285 0.8723958333333334 3
1768979558712 0.8932291666666666 4
1768979598641 0.9159226190476191 5
1768979638556 0.9200148809523809 6
1768979677444 0.9255952380952381 7
1768979717503 0.9445684523809523 8
1768979758069 0.9553571428571429 9
1768979797296 0.9490327380952381 10
1768979835903 0.9605654761904762 11
1768979874673 0.9568452380952381 12
1768979913539 0.9676339285714286 13
1768979950571 0.9698660714285714 14
1768979989126 0.9639136904761905 15
1768980027204 0.9683779761904762 16
1768980065772 0.9747023809523809 17
1768980104543 0.9784226190476191 18
1768980143558 0.9728422619047619 19
1768980181721 0.9773065476190477 20
1768980218165 0.9817708333333334 21
1768979398416 0.42075892857142855 0
1768979398416 0.42075892857142855 0
1768979398416 0.42075892857142855 0
