1769105331790 1.8038424036719582 0
1769105334567 1.2020778114145452 1
1769105337388 0.7190643535418944 2
1769105340187 0.5068206739696589 3
1769105342859 0.4020395441488786 4
1769105345620 0.3382907933132215 5
1769105348411 0.29563225907358254 6
1769105351080 0.24498415061018683 7
1769105353785 0.25966413860971277 8
1769105356359 0.23764378594403918 9
1769105359019 0.17539653215896 10
1769105361510 0.15105862009593032 11
1769105363921 0.1804844569414854 12
1769105366312 0.20723723120648752 13
1769105368793 0.10974038578569889 14
1769105371402 0.10183604150502519 15
1769105373947 0.11751853090456942 16
1769105376369 0.09696200248700651 17
1769105378952 0.10393707957965406 18
1769105381593 0.10512327965856953 19
1769105384139 0.0744998633268882 20
1769105386721 0.08250847636637362 21
1769105389350 0.07918501653793183 22
1769105392073 0.1105109437114813 23
1769105394595 0.0794500855686651 24
1769105397257 0.1120679636104879 25
1769105399881 0.08018242999572646 26
1769105402489 0.0498923728168434 27
1769105404977 0.08473102712411094 28
