1769105331790 0.32087114337568057 0
1769105334567 0.6370235934664247 1
1769105337388 0.776043557168784 2
1769105340187 0.8511796733212341 3
1769105342859 0.8642468239564428 4
1769105345620 0.8994555353901996 5
1769105348411 0.9099818511796733 6
1769105351080 0.9292196007259528 7
1769105353785 0.9263157894736842 8
1769105356359 0.9357531760435571 9
1769105359019 0.9422867513611616 10
1769105361510 0.9586206896551724 11
1769105363921 0.9466424682395644 12
1769105366312 0.9542649727767695 13
1769105368793 0.9713248638838475 14
1769105371402 0.9680580762250454 15
1769105373947 0.9720508166969147 16
1769105376369 0.9673321234119783 17
1769105378952 0.9720508166969147 18
1769105381593 0.9604355716878403 19
1769105384139 0.9785843920145191 20
1769105386721 0.9771324863883848 21
1769105389350 0.9767695099818512 22
1769105392073 0.9818511796733213 23
1769105394595 0.9789473684210527 24
1769105397257 0.9756805807622505 25
1769105399881 0.973502722323049 26
1769105402489 0.9862068965517241 27
1769105404977 0.9822141560798548 28
