1769105210760 1.7707697578838892 0
1769105213407 1.1265317556403933 1
1769105215863 0.6810295482476553 2
1769105218160 0.4576717373870668 3
1769105220609 0.36645321335111347 4
1769105223006 0.304366450934183 5
1769105225460 0.23528962830702463 6
1769105227935 0.2081033124455384 7
1769105230362 0.18906013392621562 8
1769105232856 0.15320331035625367 9
1769105235216 0.13840324786447344 10
1769105237658 0.13550737136531443 11
1769105240128 0.11819219704540003 12
1769105242516 0.0906947362901909 13
1769105244869 0.09646088221953028 14
1769105247295 0.07925898098342475 15
1769105249733 0.07837955070482124 16
1769105252084 0.09800494965609341 17
1769105254466 0.07920168943348385 18
1769105256836 0.07136588749874916 19
1769105259290 0.05671799049845764 20
1769105261728 0.05396788467520049 21
1769105264143 0.06015974782141192 22
1769105266529 0.07072998660927017 23
1769105268896 0.05044574177424822 24
1769105271400 0.048774268167714276 25
