1769105210760 0.3409260642270351 0
1769105213407 0.6650485436893204 1
1769105215863 0.7752053771471247 2
1769105218160 0.8480209111277073 3
1769105220609 0.880134428678118 4
1769105223006 0.9025392083644511 5
1769105225460 0.9204630321135175 6
1769105227935 0.9301717699775952 7
1769105230362 0.9342793129200896 8
1769105232856 0.9525765496639284 9
1769105235216 0.9529499626587006 10
1769105237658 0.9559372666168783 11
1769105240128 0.9592979835698282 12
1769105242516 0.9749813293502614 13
1769105244869 0.9701269604182226 14
1769105247295 0.9746079163554892 15
1769105249733 0.9746079163554892 16
1769105252084 0.9656460044809559 17
1769105254466 0.970873786407767 18
1769105256836 0.9768483943241225 19
1769105259290 0.9813293502613891 20
1769105261728 0.9828230022404779 21
1769105264143 0.9783420463032113 22
1769105266529 0.9757281553398058 23
1769105268896 0.9843166542195668 24
1769105271400 0.9839432412247946 25
