1769105442826 0.9676950998185118 0
1769105445484 0.980399274047187 1
1769105447972 0.9771324863883848 2
1769105450453 0.9793103448275862 3
1769105453043 0.9800362976406534 4
1769105455777 0.9840290381125227 5
1769105458240 0.980399274047187 6
1769105460680 0.9883847549909256 7
1769105463178 0.9753176043557169 8
1769105465808 0.9782214156079855 9
1769105468263 0.9825771324863883 10
1769105470905 0.985480943738657 11
1769105473518 0.9836660617059891 12
1769105476048 0.9836660617059891 13
1769105478454 0.9822141560798548 14
1769105480962 0.9876588021778584 15
1769105483627 0.9869328493647913 16
1769105486373 0.9872958257713249 17
1769105524223 0.9676950998185118 0
1769105526316 0.9742286751361161 1
1769105528540 0.9793103448275862 2
1769105530747 0.9745916515426497 3
1769105532783 0.9833030852994555 4
1769105535073 0.980399274047187 5
1769105537293 0.9822141560798548 6
1769105539507 0.9818511796733213 7
1769105541506 0.9818511796733213 8
1769105543493 0.980399274047187 9
1769105545597 0.9814882032667877 10
1769105547581 0.9825771324863883 11
1769105549626 0.9829401088929219 12
1769105551567 0.988021778584392 13
1769105553488 0.9822141560798548 14
