1769105442826 0.09204873286018317 0
1769105445484 0.07401882960799742 1
1769105447972 0.10939523656005887 2
1769105450453 0.0942031859674237 3
1769105453043 0.07247434033673596 4
1769105455777 0.09417067624797876 5
1769105458240 0.062323483088138426 6
1769105460680 0.06168780594386838 7
1769105463178 0.11172656242905016 8
1769105465808 0.09613401872444559 9
1769105468263 0.0825464719991115 10
1769105470905 0.06006168353963982 11
1769105473518 0.06952482044950804 12
1769105476048 0.06891985483128917 13
1769105478454 0.08715618983842432 14
1769105480962 0.059377851472659546 15
1769105483627 0.04668494237756187 16
1769105486373 0.05618132805367085 17
1769105524223 0.12838452593000096 0
1769105526316 0.1065211867574941 1
1769105528540 0.09257244847884233 2
1769105530747 0.0681743673472242 3
1769105532783 0.09211458149366081 4
1769105535073 0.1199921821244061 5
1769105537293 0.05840288204225627 6
1769105539507 0.07820652190341869 7
1769105541506 0.054270787672563034 8
1769105543493 0.05644109644080428 9
1769105545597 0.08557474916927856 10
1769105547581 0.11076418274420906 11
1769105549626 0.053584723733365536 12
1769105551567 0.046792011644521896 13
1769105553488 0.07901342329569161 14
