1768981582610 0.1434335527920175 0
1768981621662 0.1334669764699607 1
1768981660087 0.11212615762976394 2
1768981699450 0.10228854364276617 3
1768981743729 0.11151038750406654 4
1768981782805 0.09931729403163853 5
1768981822909 0.09116028596101136 6
1768981861986 0.09494015950195749 7
1768981901111 0.09373562247759995 8
1768981940592 0.09694340614195185 9
1768981981309 0.0770778576575819 10
1768982019102 0.07534625527887852 11
1768982057964 0.07697678246032233 12
1768982096470 0.0742845478863723 13
1768981582610 0.1434335527920175 0
