1768981582610 0.9532947139753801 0
1768981621662 0.9565532223026793 1
1768981660087 0.9630702389572773 2
1768981699450 0.9670528602461984 3
1768981743729 0.9695872556118754 4
1768981782805 0.9703113685734974 5
1768981822909 0.9746560463432296 6
1768981861986 0.9685010861694424 7
1768981901111 0.9713975380159305 8
1768981940592 0.9717595944967415 9
1768981981309 0.9775524981897176 10
1768982019102 0.9771904417089066 11
1768982057964 0.9753801593048516 12
1768982096470 0.9779145546705286 13
1768981582610 0.9532947139753801 0
