1768980812136 1.6294425172465188 0
1768980855532 0.8862037296806063 1
1768980893071 0.5555221752396652 2
1768980931993 0.4077155643275806 3
1768980971292 0.3556836506440526 4
1768981008634 0.27752816437610556 5
1768981047478 0.22985981129819438 6
1768981086092 0.20398809756374076 7
1768981123219 0.1870379268768288 8
1768981161780 0.16853606587808048 9
1768981199959 0.16270232666283846 10
1768981236733 0.1311876822174305 11
1768981275134 0.13543023157953507 12
1768981313483 0.12302832357541081 13
1768981351834 0.09846193277986631 14
1768981389337 0.09760240482033364 15
1768981427654 0.07640067750721105 16
1768981466299 0.09565973682661674 17
1768981503035 0.08266221282870642 18
1768981540920 0.06765880911344928 19
1768980812136 1.6294425172465188 0
1768980812136 1.6294425172465188 0
1768980812136 1.6294425172465188 0
