1768980812136 0.41187453323375656 0
1768980855532 0.7322628827483196 1
1768980893071 0.8174010455563854 2
1768980931993 0.8637042569081405 3
1768980971292 0.880134428678118 4
1768981008634 0.9107542942494399 5
1768981047478 0.9219566840926064 6
1768981086092 0.9361463778939507 7
1768981123219 0.9413741598207618 8
1768981161780 0.943614637789395 9
1768981199959 0.9480955937266616 10
1768981236733 0.9559372666168783 11
1768981275134 0.9559372666168783 12
1768981313483 0.9578043315907394 13
1768981351834 0.9652725914861837 14
1768981389337 0.9671396564600448 15
1768981427654 0.9746079163554892 16
1768981466299 0.9701269604182226 17
1768981503035 0.9719940253920837 18
1768981540920 0.9768483943241225 19
1768980812136 0.41187453323375656 0
1768980812136 0.41187453323375656 0
1768980812136 0.41187453323375656 0
