1768998277637 0.4387832699619772 0
1768998294146 0.7414448669201521 1
1768998310437 0.8277566539923954 2
1768998326797 0.8726235741444867 3
1768998343217 0.8817490494296578 4
1768998359612 0.9079847908745247 5
1768998375919 0.9174904942965779 6
1768998392053 0.9190114068441064 7
1768998408402 0.9315589353612167 8
1768998424777 0.9414448669201521 9
1768998441158 0.9486692015209125 10
1768998457559 0.9505703422053232 11
1768998473976 0.9631178707224335 12
1768998490451 0.9623574144486692 13
1768998506794 0.9589353612167301 14
1768998277637 0.4387832699619772 0
1768998277637 0.4387832699619772 0
1768998277637 0.4387832699619772 0
