1768998277637 1.5843676299933929 0
1768998294146 0.8308550600545952 1
1768998310437 0.5560232695326748 2
1768998326797 0.4128304113106555 3
1768998343217 0.3519170636154083 4
1768998359612 0.2882154866693968 5
1768998375919 0.2701728238039706 6
1768998392053 0.238624919161021 7
1768998408402 0.20240129550627198 8
1768998424777 0.18752408404666257 9
1768998441158 0.16969990068261165 10
1768998457559 0.1511021691587675 11
1768998473976 0.13443972091807657 12
1768998490451 0.12751893768737832 13
1768998506794 0.13320163525192133 14
1768998277637 1.5843676299933929 0
1768998277637 1.5843676299933929 0
1768998277637 1.5843676299933929 0
