1769116289722 0.33855685131195334 0
1769116292026 0.6650874635568513 1
1769116294316 0.7784256559766763 2
1769116296549 0.8458454810495627 3
1769116298759 0.8746355685131195 4
1769116300894 0.9012390670553936 5
1769116303052 0.9139941690962099 6
1769116305266 0.9274781341107872 7
1769116307496 0.940597667638484 8
1769116309644 0.9446064139941691 9
1769116311808 0.9460641399416909 10
1769116314023 0.956997084548105 11
1769116316230 0.9584548104956269 12
1769116318303 0.9661078717201166 13
1769116320441 0.9686588921282799 14
1769116322572 0.9719387755102041 15
1769116324733 0.967930029154519 16
1769116326874 0.9693877551020408 17
1769116329095 0.9774052478134111 18
1769116331196 0.9737609329446064 19
1769116333316 0.9763119533527697 20
1769116335431 0.9784985422740525 21
1769116337565 0.9744897959183674 22
1769116339804 0.9763119533527697 23
1769116341952 0.9737609329446064 24
1769116344115 0.98432944606414 25
1769116346277 0.9850583090379009 26
1769116348425 0.9803206997084548 27
1769116350565 0.9872448979591837 28
1769116352671 0.9894314868804664 29
1769116354794 0.983600583090379 30
1769116356901 0.9861516034985423 31
1769116359009 0.989067055393586 32
