1769116289722 1.7752654829690622 0
1769116292026 1.1419300201327303 1
1769116294316 0.7172608763672584 2
1769116296549 0.4942398618820102 3
1769116298759 0.39298844406771105 4
1769116300894 0.32275699910729433 5
1769116303052 0.2654252637957418 6
1769116305266 0.2262439403769582 7
1769116307496 0.18678808766742086 8
1769116309644 0.18370300462079603 9
1769116311808 0.15825079502754433 10
1769116314023 0.13532401430745458 11
1769116316230 0.13005745298294133 12
1769116318303 0.11687549281605454 13
1769116320441 0.09436095306693121 14
1769116322572 0.0925741632750561 15
1769116324733 0.10047588874261047 16
1769116326874 0.1000648936213449 17
1769116329095 0.07713711729576421 18
1769116331196 0.07895193513222905 19
1769116333316 0.06803771329307279 20
1769116335431 0.06440806451665107 21
1769116337565 0.07621244335720359 22
1769116339804 0.06737089603272982 23
1769116341952 0.06512726459998724 24
1769116344115 0.05138030871315751 25
1769116346277 0.0537639768404323 26
1769116348425 0.06314885739756879 27
1769116350565 0.038694507290804106 28
1769116352671 0.03592302227327817 29
1769116354794 0.051113295585436876 30
1769116356901 0.042521778050117025 31
1769116359009 0.03628086134639764 32
