1769116197868 0.33458646616541354 0
1769116200061 0.6360902255639098 1
1769116202238 0.7778195488721804 2
1769116204310 0.8462406015037593 3
1769116206354 0.8819548872180452 4
1769116208478 0.9075187969924812 5
1769116210593 0.9176691729323309 6
1769116212660 0.9315789473684211 7
1769116214772 0.9285714285714286 8
1769116216856 0.9424812030075188 9
1769116218918 0.9548872180451128 10
1769116220956 0.9496240601503759 11
1769116223047 0.956015037593985 12
1769116225077 0.9605263157894737 13
1769116227180 0.9642857142857143 14
1769116229397 0.9620300751879699 15
1769116231491 0.9669172932330827 16
1769116233690 0.9665413533834587 17
1769116235762 0.974812030075188 18
1769116237874 0.9740601503759398 19
1769116239931 0.9729323308270676 20
1769116242091 0.9774436090225563 21
1769116244224 0.9819548872180451 22
1769116246249 0.9864661654135338 23
1769116248316 0.9800751879699248 24
1769116250431 0.9834586466165414 25
1769116252521 0.9834586466165414 26
