1769116197868 1.809633303256262 0
1769116200061 1.2010688455331893 1
1769116202238 0.7069214227653685 2
1769116204310 0.48714671319439296 3
1769116206354 0.38275899383283796 4
1769116208478 0.2932556186403547 5
1769116210593 0.24508731546146528 6
1769116212660 0.2228813480053629 7
1769116214772 0.20735771102564676 8
1769116216856 0.16724525374316035 9
1769116218918 0.1395131079923539 10
1769116220956 0.15078758714454515 11
1769116223047 0.1451774766402585 12
1769116225077 0.12504874347221284 13
1769116227180 0.10400324731710411 14
1769116229397 0.11723857204474154 15
1769116231491 0.1076482633749644 16
1769116233690 0.09791879737306208 17
1769116235762 0.07962945462869746 18
1769116237874 0.07604603948337692 19
1769116239931 0.08428441258590846 20
1769116242091 0.07279669067689351 21
1769116244224 0.05858363126892419 22
1769116246249 0.05144395080528089 23
1769116248316 0.06395357361595545 24
1769116250431 0.055440437691729696 25
1769116252521 0.04786211978422389 26
