1769116395555 0.9741253644314869 0
1769116397770 0.9784985422740525 1
1769116399901 0.9777696793002916 2
1769116402054 0.982871720116618 3
1769116404145 0.9806851311953353 4
1769116406289 0.983600583090379 5
1769116408426 0.9821428571428571 6
1769116410597 0.98432944606414 7
1769116412705 0.9887026239067055 8
1769116414833 0.98432944606414 9
1769116416922 0.9854227405247813 10
1769116418980 0.9854227405247813 11
1769116421192 0.9806851311953353 12
1769116423329 0.9879737609329446 13
1769116425422 0.9865160349854227 14
1769116427512 0.9854227405247813 15
1769116429632 0.9861516034985423 16
1769116431764 0.9876093294460642 17
1769116433897 0.9872448979591837 18
1769116435977 0.9901603498542274 19
1769116438087 0.9887026239067055 20
1769116440177 0.9876093294460642 21
1769116477199 0.967930029154519 0
1769116478851 0.9795918367346939 1
1769116480508 0.9792274052478134 2
1769116482150 0.9803206997084548 3
1769116483806 0.982871720116618 4
1769116485445 0.9854227405247813 5
1769116487037 0.9868804664723032 6
1769116488659 0.9810495626822158 7
1769116490250 0.9839650145772595 8
1769116491868 0.9868804664723032 9
1769116493503 0.983600583090379 10
1769116495075 0.9883381924198251 11
1769116496693 0.983600583090379 12
