1769116395555 0.08195073057919047 0
1769116397770 0.07134882798201816 1
1769116399901 0.07133503063300321 2
1769116402054 0.06508955407107986 3
1769116404145 0.062311944356837935 4
1769116406289 0.06268900981562775 5
1769116408426 0.05898512163481047 6
1769116410597 0.05733991509606672 7
1769116412705 0.051277991795782435 8
1769116414833 0.052747375743333685 9
1769116416922 0.049958469865973604 10
1769116418980 0.050555006925796356 11
1769116421192 0.058452220633625984 12
1769116423329 0.04493509352120549 13
1769116425422 0.04625824069994133 14
1769116427512 0.04957776897868445 15
1769116429632 0.0449190397292029 16
1769116431764 0.041931555292374176 17
1769116433897 0.04538957248333582 18
1769116435977 0.038795082050180715 19
1769116438087 0.04155573887793824 20
1769116440177 0.04374377182576546 21
1769116477199 0.10128646064549685 0
1769116478851 0.07471521976295599 1
1769116480508 0.06967263967665129 2
1769116482150 0.06185601415589105 3
1769116483806 0.06504573536560286 4
1769116485445 0.060659555436740085 5
1769116487037 0.05607961269831935 6
1769116488659 0.05950802417342053 7
1769116490250 0.053506539593082526 8
1769116491868 0.04567642187223185 9
1769116493503 0.055702412262732204 10
1769116495075 0.04622382941374252 11
1769116496693 0.04939390768751849 12
