1768954054788 0.409469696969697 0
1768954073193 0.7223484848484848 1
1768954091601 0.825 2
1768954109721 0.8549242424242425 3
1768954127458 0.8867424242424242 4
1768954145086 0.8981060606060606 5
1768954163031 0.9113636363636364 6
1768954180690 0.928030303030303 7
1768954198530 0.9359848484848485 8
1768954217034 0.9378787878787879 9
1768954240983 0.9481060606060606 10
1768954260289 0.9481060606060606 11
1768954278847 0.9568181818181818 12
1768954298175 0.9553030303030303 13
1768954316462 0.9715909090909091 14
1768954334925 0.9666666666666667 15
1768954353639 0.9659090909090909 16
1768954375756 0.9617424242424243 17
1768954395919 0.9704545454545455 18
1768954417042 0.975 19
1768954438704 0.9757575757575757 20
1768954458616 0.9753787878787878 21
1768954478185 0.9715909090909091 22
1768954496786 0.9837121212121213 23
1768954515024 0.9772727272727273 24
1768954054788 0.409469696969697 0
1768954054788 0.409469696969697 0
1768954054788 0.409469696969697 0
