1768954054788 1.651134646082499 0
1768954073193 0.8619485203042088 1
1768954091601 0.5411269029220903 2
1768954109721 0.44704549212053596 3
1768954127458 0.3632437418024224 4
1768954145086 0.3110680470624602 5
1768954163031 0.27063934271594126 6
1768954180690 0.2249994373554925 7
1768954198530 0.19125836432339197 8
1768954217034 0.1867635692638087 9
1768954240983 0.15846581532653556 10
1768954260289 0.15801479205130095 11
1768954278847 0.13474711670304637 12
1768954298175 0.13108292239976216 13
1768954316462 0.09248204373316951 14
1768954334925 0.09504620224820921 15
1768954353639 0.09395265101219516 16
1768954375756 0.11047414464718965 17
1768954395919 0.09251736925847559 18
1768954417042 0.07433999331488488 19
1768954438704 0.08038372052721231 20
1768954458616 0.07863169902352145 21
1768954478185 0.08957666823786335 22
1768954496786 0.05657625700492995 23
1768954515024 0.07192824503788388 24
1768954054788 1.651134646082499 0
1768954054788 1.651134646082499 0
1768954054788 1.651134646082499 0
