1769114191045 0.3457059679767103 0
1769114193573 0.6462882096069869 1
1769114196108 0.777292576419214 2
1769114198597 0.8446142649199417 3
1769114201218 0.8751819505094615 4
1769114203801 0.8973799126637555 5
1769114206316 0.9181222707423581 6
1769114208832 0.9326783114992722 7
1769114211374 0.9385007278020379 8
1769114213804 0.9461426491994177 9
1769114216328 0.9534206695778749 10
1769114218897 0.9516011644832606 11
1769114221557 0.9577874818049491 12
1769114223941 0.9577874818049491 13
1769114226389 0.965429403202329 14
1769114228863 0.9730713245997089 15
1769114231409 0.9705240174672489 16
1769114233926 0.9730713245997089 17
1769114236464 0.9708879184861717 18
1769114238974 0.975254730713246 19
1769114241392 0.9748908296943232 20
1769114243829 0.9788937409024745 21
