1769114191045 1.7853670591531798 0
1769114193573 1.164238918659299 1
1769114196108 0.7024579768957093 2
1769114198597 0.49943251041478887 3
1769114201218 0.38698481855004335 4
1769114203801 0.309498954304429 5
1769114206316 0.260350744045058 6
1769114208832 0.21158759347921194 7
1769114211374 0.18685291932765827 8
1769114213804 0.17760967203350955 9
1769114216328 0.1547163353236609 10
1769114218897 0.14952243760574696 11
1769114221557 0.13073520085146262 12
1769114223941 0.12293446891356347 13
1769114226389 0.10438012751902259 14
1769114228863 0.08532729762238125 15
1769114231409 0.08818120985876682 16
1769114233926 0.07695699842690035 17
1769114236464 0.0865725485911203 18
1769114238974 0.07530070185054873 19
1769114241392 0.08317365436706432 20
1769114243829 0.06605253962063512 21
