1769114281055 0.9832605531295487 0
1769114283564 0.985080058224163 1
1769114286095 0.9872634643377002 2
1769114288507 0.9843522561863173 3
1769114290998 0.990174672489083 4
1769114293514 0.9883551673944687 5
1769114296039 0.9883551673944687 6
1769114298632 0.9883551673944687 7
1769114301170 0.9912663755458515 8
1769114303543 0.9934497816593887 9
1769114306182 0.990174672489083 10
1769114308601 0.9934497816593887 11
1769114311060 0.9919941775836972 12
1769114313564 0.9938136826783115 13
1769114316043 0.9930858806404658 14
1769114318443 0.9912663755458515 15
1769114321024 0.995269286754003 16
1769114359133 0.9858078602620087 0
1769114361189 0.9887190684133915 1
1769114363220 0.9854439592430859 2
1769114365097 0.9890829694323144 3
1769114367102 0.9905385735080058 4
1769114369240 0.990174672489083 5
1769114371295 0.9890829694323144 6
1769114373274 0.9879912663755459 7
1769114375387 0.9898107714701602 8
1769114377360 0.9930858806404658 9
1769114379488 0.9887190684133915 10
1769114381517 0.992721979621543 11
1769114383493 0.9938136826783115 12
1769114385454 0.99235807860262 13
1769114387398 0.99235807860262 14
1769114389442 0.9945414847161572 15
1769114391432 0.9945414847161572 16
1769114393338 0.9934497816593887 17
1769114395374 0.9909024745269287 18
1769114397287 0.99490538573508 19
