1769114059971 0.3262490678598061 0
1769114062816 0.6469052945563013 1
1769114065360 0.7815063385533184 2
1769114067915 0.8452647278150633 3
1769114070392 0.8739746457867263 4
1769114072777 0.9034302759134973 5
1769114075148 0.9228187919463087 6
1769114077535 0.9313944817300522 7
1769114079914 0.9381058911260254 8
1769114082349 0.9373601789709173 9
1769114084698 0.9615958240119314 10
1769114087110 0.9522744220730798 11
1769114089507 0.9638329604772558 12
1769114092031 0.9574944071588367 13
1769114094469 0.9638329604772558 14
1769114096964 0.9642058165548099 15
1769114099376 0.9727815063385533 16
1769114101767 0.9697986577181208 17
1769114104095 0.9750186428038777 18
1769114106570 0.9720357941834452 19
1769114108976 0.977255779269202 20
1769114111403 0.9787472035794184 21
1769114113787 0.9843400447427293 22
1769114116126 0.9806114839671887 23
1769114118550 0.9813571961222968 24
1769114120954 0.9794929157345265 25
1769114123365 0.9835943325876212 26
1769114125730 0.9847129008202834 27
1769114128129 0.9828486204325131 28
1769114130559 0.9847129008202834 29
1769114132952 0.9876957494407159 30
1769114135385 0.9847129008202834 31
1769114137890 0.9869500372856077 32
1769114140317 0.9873228933631618 33
1769114142740 0.9865771812080537 34
1769114145129 0.9869500372856077 35
1769114147665 0.9910514541387024 36
1769114150159 0.9854586129753915 37
1769114152676 0.9839671886651753 38
