1769114281055 0.0704001841720107 0
1769114283564 0.05546650683593958 1
1769114286095 0.046084357176495845 2
1769114288507 0.04916267391554145 3
1769114290998 0.041523564130414366 4
1769114293514 0.044348703913910444 5
1769114296039 0.04093027491728927 6
1769114298632 0.0399189087302359 7
1769114301170 0.032209536937866795 8
1769114303543 0.029981638077473224 9
1769114306182 0.03338559721271659 10
1769114308601 0.024806535927318903 11
1769114311060 0.028123246159317883 12
1769114313564 0.025913955898262387 13
1769114316043 0.02396889518253332 14
1769114318443 0.028847369257100793 15
1769114321024 0.020963381336958603 16
1769114359133 0.06416545017774022 0
1769114361189 0.04713440219720089 1
1769114363220 0.05430858856781797 2
1769114365097 0.047754375404829894 3
1769114367102 0.04259134498749708 4
1769114369240 0.03838569226912981 5
1769114371295 0.03763469011891027 6
1769114373274 0.041585382572266946 7
1769114375387 0.02996882784375271 8
1769114377360 0.027671060486978222 9
1769114379488 0.03620913715188413 10
1769114381517 0.026805846020579338 11
1769114383493 0.025737477661392023 12
1769114385454 0.027192209825612778 13
1769114387398 0.025261162780225277 14
1769114389442 0.020724534631035355 15
1769114391432 0.02234541617203937 16
1769114393338 0.02220046880308452 17
1769114395374 0.026872083328144496 18
1769114397287 0.02346443421164051 19
