1769114059971 1.778293564206078 0
1769114062816 1.1510333035673415 1
1769114065360 0.6891856796684719 2
1769114067915 0.47894414478824254 3
1769114070392 0.37830111171518055 4
1769114072777 0.3046062755442801 5
1769114075148 0.2460136695631913 6
1769114077535 0.2098694672541959 7
1769114079914 0.19134637979524477 8
1769114082349 0.1806489025198278 9
1769114084698 0.13765438468683333 10
1769114087110 0.1386567766645125 11
1769114089507 0.11047165348593678 12
1769114092031 0.11769625624375683 13
1769114094469 0.1117166065655294 14
1769114096964 0.11655764645409017 15
1769114099376 0.09272030434970345 16
1769114101767 0.09962276693078734 17
1769114104095 0.07876745099201798 18
1769114106570 0.08640014641873893 19
1769114108976 0.06886164648901849 20
1769114111403 0.06400763394222372 21
1769114113787 0.06525694993546322 22
1769114116126 0.06744292297489232 23
1769114118550 0.0580160786131663 24
1769114120954 0.057554518205246756 25
1769114123365 0.0482018086394029 26
1769114125730 0.05287273060752168 27
1769114128129 0.04876006368015494 28
1769114130559 0.04367470785620667 29
1769114132952 0.0399371059500568 30
1769114135385 0.04970272367687097 31
1769114137890 0.04432621081581428 32
1769114140317 0.03787814203782806 33
1769114142740 0.04125759261660278 34
1769114145129 0.04181614361836442 35
1769114147665 0.03530259164870672 36
1769114150159 0.04831062869856223 37
1769114152676 0.04956827381448377 38
